image_width: 1920
image_height: 1080
camera_name: narrow_stereo
camera_matrix:
  rows: 3
  cols: 3
  data: [1537.980137  ,    0.     ,  982.662234,
            0.     , 1633.430818, 549.856479,
            0.     ,    0.     ,    1.     ]
distortion_model: plumb_bob
distortion_coefficients:
  rows: 1
  cols: 5
  data: [0.146249, -0.235819, 0.000799, -0.001320, 0.000000]
rectification_matrix:
  rows: 3
  cols: 3
  data: [1., 0., 0.,
         0., 1., 0.,
         0., 0., 1.]
projection_matrix:
  rows: 3
  cols: 4
  data: [1570.615601, 0., 980.334518,    0.     ,
            0.     , 1670.791626, 550.061500, 0.     ,
            0.     ,    0.     ,    1.     ,    0.     ]

# D = [0.14624902464741027, -0.23581869472223901, 0.0007988154003159143, -0.0013197658327642207, 0.0]
# K = [1537.9801366043318, 0.0, 982.6622335199055, 0.0, 1633.4308177034889, 549.8564789889291, 0.0, 0.0, 1.0]
# R = [1.0, 0.0, 0.0, 0.0, 1.0, 0.0, 0.0, 0.0, 1.0]
# P = [1570.6156005859375, 0.0, 980.334517951218, 0.0, 0.0, 1670.7916259765625, 550.0614995162323, 0.0, 0.0, 0.0, 1.0, 0.0]
