{
    "cameras": {
        "camera_rgb": {
            "w": 1920,
            "h": 1080,
            "near": 0.1,
            "far": 2.0,
            "camera_angle_x": [
                0.0
            ],
            "types": [
                "color"
            ]
        }
    },
    "frames": [
        {
            "camera": "camera_rgb",
            "file_path": "./train/c_0.jpg",
            "rotation": 0.1,
            "transform_matrix": [
                [
                    -0.05581221150904182,
                    -0.9864074648355675,
                    -0.15454873135402383,
                    0.48024000250235066
                ],
                [
                    -0.9936707064607845,
                    0.03976265178457393,
                    0.1050593101290112,
                    0.005286353013887732
                ],
                [
                    -0.09748602037315393,
                    0.15943413950508528,
                    -0.9823834439729109,
                    0.36183301465954987
                ],
                [
                    0.0,
                    0.0,
                    0.0,
                    1.0
                ]
            ],
            "position": [
                0.48024000250235066,
                0.005286353013887732,
                0.36183301465954987
            ],
            "quaternion": [
                -0.6868038185556856,
                0.720754221180979,
                0.0917413836609967,
                -0.019792596255501737
            ]
        },
        {
            "camera": "camera_rgb",
            "file_path": "./train/c_1.jpg",
            "rotation": 0.1,
            "transform_matrix": [
                [
                    -0.06011866134225251,
                    -0.9882328914062222,
                    -0.14064671663893877,
                    0.472161598531981
                ],
                [
                    -0.9939466458262354,
                    0.04628565184192658,
                    0.09963786270461933,
                    0.003070713322727743
                ],
                [
                    -0.0919554881950621,
                    0.14578542717455095,
                    -0.9850333991364669,
                    0.3660993158535909
                ],
                [
                    0.0,
                    0.0,
                    0.0,
                    1.0
                ]
            ],
            "position": [
                0.472161598531981,
                0.003070713322727743,
                0.3660993158535909
            ],
            "quaternion": [
                -0.6853135217053696,
                0.7230881547990657,
                0.08485200050568754,
                -0.016834376813123414
            ]
        },
        {
            "camera": "camera_rgb",
            "file_path": "./train/c_2.jpg",
            "rotation": 0.1,
            "transform_matrix": [
                [
                    -0.03377174450521114,
                    -0.9883871763969734,
                    -0.1481561973293515,
                    0.47191723852905304
                ],
                [
                    -0.9960862712302094,
                    0.02117168107064693,
                    0.08581317024408905,
                    0.017116225817396226
                ],
                [
                    -0.08167992127673102,
                    0.15047441461810634,
                    -0.9852339016728802,
                    0.3633705077333025
                ],
                [
                    0.0,
                    0.0,
                    0.0,
                    1.0
                ]
            ],
            "position": [
                0.47191723852905304,
                0.017116225817396226,
                0.3633705077333025
            ],
            "quaternion": [
                -0.6946725111425859,
                0.7141718669960787,
                0.08271337171293568,
                -0.02327027437535017
            ]
        },
        {
            "camera": "camera_rgb",
            "file_path": "./train/c_3.jpg",
            "rotation": 0.1,
            "transform_matrix": [
                [
                    -0.05956000655970683,
                    -0.9646555989141739,
                    -0.2566947235572729,
                    0.4866321226648527
                ],
                [
                    -0.9848166694574285,
                    0.014778186109369769,
                    0.17296743269787934,
                    -0.015820432748645523
                ],
                [
                    -0.16306051998379711,
                    0.26309918414707006,
                    -0.9508891029577323,
                    0.345834389495838
                ],
                [
                    0.0,
                    0.0,
                    0.0,
                    1.0
                ]
            ],
            "position": [
                0.4866321226648527,
                -0.015820432748645523,
                0.345834389495838
            ],
            "quaternion": [
                -0.6849343633123403,
                0.7115503979195396,
                0.1532091609694695,
                -0.03289776656450073
            ]
        },
        {
            "camera": "camera_rgb",
            "file_path": "./train/c_4.jpg",
            "rotation": 0.1,
            "transform_matrix": [
                [
                    0.02093539771152073,
                    -0.9660584050875446,
                    -0.25747401244080914,
                    0.4846567097046614
                ],
                [
                    -0.9986351088215787,
                    -0.03253161833701293,
                    0.040860901082677786,
                    -0.018940616411003988
                ],
                [
                    -0.047850063234795376,
                    0.256267149217539,
                    -0.9654209028606856,
                    0.34417980907036677
                ],
                [
                    0.0,
                    0.0,
                    0.0,
                    1.0
                ]
            ],
            "position": [
                0.4846567097046614,
                -0.018940616411003988,
                0.34417980907036677
            ],
            "quaternion": [
                -0.7104358757391069,
                0.6913651540730894,
                0.10744191148760107,
                -0.07580030822912004
            ]
        },
        {
            "camera": "camera_rgb",
            "file_path": "./train/c_5.jpg",
            "rotation": 0.1,
            "transform_matrix": [
                [
                    0.05830268202476431,
                    -0.966753798408443,
                    -0.2489736743745551,
                    0.48854954522996397
                ],
                [
                    -0.9975516059756128,
                    -0.06606655222492018,
                    0.022934779104844275,
                    0.0006009873617485173
                ],
                [
                    -0.038621117075963565,
                    0.2470269295845287,
                    -0.9682386613722083,
                    0.3475497139188865
                ],
                [
                    0.0,
                    0.0,
                    0.0,
                    1.0
                ]
            ],
            "position": [
                0.48854954522996397,
                0.0006009873617485173,
                0.3475497139188865
            ],
            "quaternion": [
                -0.7232904145544354,
                0.6789438543269146,
                0.09940445908053078,
                -0.0774553631179323
            ]
        },
        {
            "camera": "camera_rgb",
            "file_path": "./train/c_6.jpg",
            "rotation": 0.1,
            "transform_matrix": [
                [
                    0.0795870053787094,
                    -0.9664069361412287,
                    -0.24438400592709136,
                    0.487069660151763
                ],
                [
                    -0.9964059708699694,
                    -0.08425804904608185,
                    0.008701861043594633,
                    0.011634550427382276
                ],
                [
                    -0.02900085842734977,
                    0.24281312762919446,
                    -0.9696394872639037,
                    0.3491158172733079
                ],
                [
                    0.0,
                    0.0,
                    0.0,
                    1.0
                ]
            ],
            "position": [
                0.487069660151763,
                0.011634550427382276,
                0.3491158172733079
            ],
            "quaternion": [
                -0.7303205650095737,
                0.6718973600445551,
                0.09358333032137528,
                -0.08013944753148813
            ]
        },
        {
            "camera": "camera_rgb",
            "file_path": "./train/c_7.jpg",
            "rotation": 0.1,
            "transform_matrix": [
                [
                    0.10364843008424357,
                    -0.9645313836221437,
                    -0.24276781695485233,
                    0.48591493287388876
                ],
                [
                    -0.9944331431673482,
                    -0.10514970267436646,
                    -0.006801749613207064,
                    0.023616874146270825
                ],
                [
                    -0.018966462806229767,
                    0.24212135394352427,
                    -0.9700605771049428,
                    0.3481283470391963
                ],
                [
                    0.0,
                    0.0,
                    0.0,
                    1.0
                ]
            ],
            "position": [
                0.48591493287388876,
                0.023616874146270825,
                0.3481283470391963
            ],
            "quaternion": [
                -0.7380458019337084,
                0.6635609452733073,
                0.08865737164384856,
                -0.08431783610046942
            ]
        },
        {
            "camera": "camera_rgb",
            "file_path": "./train/c_8.jpg",
            "rotation": 0.1,
            "transform_matrix": [
                [
                    0.13167816054557077,
                    -0.96137071759918,
                    -0.24171720124594465,
                    0.4826398464669845
                ],
                [
                    -0.9912794673020487,
                    -0.12895318622383958,
                    -0.027131042517495596,
                    0.03731122093540026
                ],
                [
                    -0.005087213451514999,
                    0.24318186426120963,
                    -0.9699673711799492,
                    0.34681012417757634
                ],
                [
                    0.0,
                    0.0,
                    0.0,
                    1.0
                ]
            ],
            "position": [
                0.4826398464669845,
                0.03731122093540026,
                0.34681012417757634
            ],
            "quaternion": [
                -0.7467573466872184,
                0.6537060473278063,
                0.08262490621334208,
                -0.09049505292773957
            ]
        },
        {
            "camera": "camera_rgb",
            "file_path": "./train/c_9.jpg",
            "rotation": 0.1,
            "transform_matrix": [
                [
                    0.14897798515464075,
                    -0.9626123346743366,
                    -0.22623671910652954,
                    0.4681745642895798
                ],
                [
                    -0.9885942786401741,
                    -0.13988488146445724,
                    -0.05579939226899146,
                    0.0452127071789024
                ],
                [
                    0.022066086630338433,
                    0.23196920716012703,
                    -0.9724728144016803,
                    0.3499247542066885
                ],
                [
                    0.0,
                    0.0,
                    0.0,
                    1.0
                ]
            ],
            "position": [
                0.4681745642895798,
                0.0452127071789024,
                0.3499247542066885
            ],
            "quaternion": [
                -0.7518847865642704,
                0.6487681507473164,
                0.06788589315176621,
                -0.09568187234545902
            ]
        },
        {
            "camera": "camera_rgb",
            "file_path": "./train/c_10.jpg",
            "rotation": 0.1,
            "transform_matrix": [
                [
                    0.1626536713854402,
                    -0.9641853199245747,
                    -0.20950048216360495,
                    0.4526023394137302
                ],
                [
                    -0.9852632689454559,
                    -0.1473290450253246,
                    -0.08689328719090085,
                    0.05025474742899262
                ],
                [
                    0.05291572593994774,
                    0.22054664208251207,
                    -0.9739399902531866,
                    0.34939386343276263
                ],
                [
                    0.0,
                    0.0,
                    0.0,
                    1.0
                ]
            ],
            "position": [
                0.4526023394137302,
                0.05025474742899262,
                0.34939386343276263
            ],
            "quaternion": [
                -0.7556305028483361,
                0.6449705207565861,
                0.05180570154079013,
                -0.1017157838462295
            ]
        },
        {
            "camera": "camera_rgb",
            "file_path": "./train/c_11.jpg",
            "rotation": 0.1,
            "transform_matrix": [
                [
                    0.17060596185535593,
                    -0.983823123060895,
                    -0.054641269294517396,
                    0.44540876102827104
                ],
                [
                    -0.9775863838481026,
                    -0.1620603247182656,
                    -0.1343923854502214,
                    0.05224212334931895
                ],
                [
                    0.1233631545243527,
                    0.07634470304426841,
                    -0.9894205467963982,
                    0.3626013512573642
                ],
                [
                    0.0,
                    0.0,
                    0.0,
                    1.0
                ]
            ],
            "position": [
                0.44540876102827104,
                0.05224212334931895,
                0.3626013512573642
            ],
            "quaternion": [
                -0.7619176036214679,
                0.6435730179200985,
                -0.022548861376848497,
                -0.06914655177940164
            ]
        },
        {
            "camera": "camera_rgb",
            "file_path": "./train/c_12.jpg",
            "rotation": 0.1,
            "transform_matrix": [
                [
                    0.17165362424809497,
                    -0.9839631586228907,
                    0.048492636094131555,
                    0.4341515440822536
                ],
                [
                    -0.9685692478350287,
                    -0.17755361203248396,
                    -0.1742077122360119,
                    0.05301719498010711
                ],
                [
                    0.18002401348370373,
                    -0.01706509088995009,
                    -0.9835141774484684,
                    0.36836452716385937
                ],
                [
                    0.0,
                    0.0,
                    0.0,
                    1.0
                ]
            ],
            "position": [
                0.4341515440822536,
                0.05301719498010711,
                0.36836452716385937
            ],
            "quaternion": [
                -0.7636603072083858,
                0.6391982722730628,
                -0.07480923088019908,
                -0.051443597930894355
            ]
        },
        {
            "camera": "camera_rgb",
            "file_path": "./train/c_13.jpg",
            "rotation": 0.1,
            "transform_matrix": [
                [
                    0.17090322210778827,
                    -0.981168227989775,
                    0.09000553903277683,
                    0.428444915848825
                ],
                [
                    -0.9637137404400068,
                    -0.18547361930449172,
                    -0.19197750657101348,
                    0.052747381516002056
                ],
                [
                    0.20505588301803754,
                    -0.05393000023639112,
                    -0.9772633421520504,
                    0.36858700895431745
                ],
                [
                    0.0,
                    0.0,
                    0.0,
                    1.0
                ]
            ],
            "position": [
                0.428444915848825,
                0.052747381516002056,
                0.36858700895431745
            ],
            "quaternion": [
                -0.7638106807116289,
                0.6365684095913983,
                -0.0965748992563836,
                -0.04518355508557523
            ]
        },
        {
            "camera": "camera_rgb",
            "file_path": "./train/c_14.jpg",
            "rotation": 0.1,
            "transform_matrix": [
                [
                    0.21886547324007433,
                    -0.968462765562217,
                    -0.11907046797162066,
                    0.45681187550701674
                ],
                [
                    -0.9337695113072119,
                    -0.17247192725810678,
                    -0.3135728528762732,
                    0.06705671948372646
                ],
                [
                    0.2831473192111996,
                    0.17981464352898696,
                    -0.9420691532982353,
                    0.34439460633833474
                ],
                [
                    0.0,
                    0.0,
                    0.0,
                    1.0
                ]
            ],
            "position": [
                0.45681187550701674,
                0.06705671948372646,
                0.34439460633833474
            ],
            "quaternion": [
                -0.7637724457301083,
                0.6226401464791957,
                -0.05370576239920939,
                -0.1614959785764699
            ]
        },
        {
            "camera": "camera_rgb",
            "file_path": "./train/c_15.jpg",
            "rotation": 0.1,
            "transform_matrix": [
                [
                    0.19976748559956298,
                    -0.9520936400201376,
                    -0.23153974244270314,
                    0.4803765756883736
                ],
                [
                    -0.9573978815108186,
                    -0.13937499974148598,
                    -0.2529108655745292,
                    0.05698022163041423
                ],
                [
                    0.20852397506240167,
                    0.2721990265968373,
                    -0.939375027209,
                    0.3358121608216036
                ],
                [
                    0.0,
                    0.0,
                    0.0,
                    1.0
                ]
            ],
            "position": [
                0.4803765756883736,
                0.05698022163041423,
                0.3358121608216036
            ],
            "quaternion": [
                -0.7547358252570856,
                0.6324997071061214,
                0.007623739599111536,
                -0.17393732794928873
            ]
        },
        {
            "camera": "camera_rgb",
            "file_path": "./train/c_16.jpg",
            "rotation": 0.1,
            "transform_matrix": [
                [
                    0.34116945700889784,
                    -0.8619903728026391,
                    -0.37493465937389836,
                    0.48846942431165474
                ],
                [
                    -0.9284122664955544,
                    -0.2465575480703714,
                    -0.27795690117375105,
                    0.05861940777800631
                ],
                [
                    0.1471532025639998,
                    0.44292434194238417,
                    -0.88440034050766,
                    0.30726669305934484
                ],
                [
                    0.0,
                    0.0,
                    0.0,
                    1.0
                ]
            ],
            "position": [
                0.48846942431165474,
                0.05861940777800631,
                0.30726669305934484
            ],
            "quaternion": [
                -0.7861477922364362,
                0.5693562205082892,
                0.07243554410866578,
                -0.2292435293643247
            ]
        },
        {
            "camera": "camera_rgb",
            "file_path": "./train/c_17.jpg",
            "rotation": 0.1,
            "transform_matrix": [
                [
                    0.33134547194819736,
                    -0.8635850775195939,
                    -0.38004077689756244,
                    0.48431971544180896
                ],
                [
                    -0.9325531118214554,
                    -0.23854937480132268,
                    -0.2709961059019434,
                    0.043130856943550344
                ],
                [
                    0.14336970339491528,
                    0.44420154172106846,
                    -0.8843812065399618,
                    0.3216967525586092
                ],
                [
                    0.0,
                    0.0,
                    0.0,
                    1.0
                ]
            ],
            "position": [
                0.48431971544180896,
                0.043130856943550344,
                0.3216967525586092
            ],
            "quaternion": [
                -0.7833042533589847,
                0.5732536409038591,
                0.07553569952866021,
                -0.22826175508031485
            ]
        },
        {
            "camera": "camera_rgb",
            "file_path": "./train/c_18.jpg",
            "rotation": 0.1,
            "transform_matrix": [
                [
                    0.37875510639593746,
                    -0.8801572806387029,
                    -0.28612537587163733,
                    0.45334066193369615
                ],
                [
                    -0.878175052416701,
                    -0.2441901301255653,
                    -0.4113146698844866,
                    0.06574399638971568
                ],
                [
                    0.2921526085660141,
                    0.40705569850813206,
                    -0.8654204247763803,
                    0.3280593954703426
                ],
                [
                    0.0,
                    0.0,
                    0.0,
                    1.0
                ]
            ],
            "position": [
                0.45334066193369615,
                0.06574399638971568,
                0.3280593954703426
            ],
            "quaternion": [
                -0.7887254955138007,
                0.5573302839839508,
                -0.0019104234427386457,
                -0.25939498537671324
            ]
        },
        {
            "camera": "camera_rgb",
            "file_path": "./train/c_19.jpg",
            "rotation": 0.1,
            "transform_matrix": [
                [
                    0.4167946905874951,
                    -0.8768734997388513,
                    -0.23953089853672957,
                    0.45082188638203424
                ],
                [
                    -0.8425773395961443,
                    -0.273803862343605,
                    -0.4637832163466117,
                    0.08058185764359091
                ],
                [
                    0.34109472686800346,
                    0.395125689397011,
                    -0.8529537366594857,
                    0.3189286640598281
                ],
                [
                    0.0,
                    0.0,
                    0.0,
                    1.0
                ]
            ],
            "position": [
                0.45082188638203424,
                0.08058185764359091,
                0.3189286640598281
            ],
            "quaternion": [
                -0.7974236556220277,
                0.5390613668829177,
                -0.03184105929268263,
                -0.26927469990193914
            ]
        },
        {
            "camera": "camera_rgb",
            "file_path": "./train/c_20.jpg",
            "rotation": 0.1,
            "transform_matrix": [
                [
                    0.4144544021195291,
                    -0.8665512996343198,
                    -0.2780582558850127,
                    0.4651219811852069
                ],
                [
                    -0.8350370709141589,
                    -0.24061363429507732,
                    -0.4947910358832475,
                    0.07845649777260819
                ],
                [
                    0.361857207697796,
                    0.4372572744888145,
                    -0.8233258389870732,
                    0.3098321319595742
                ],
                [
                    0.0,
                    0.0,
                    0.0,
                    1.0
                ]
            ],
            "position": [
                0.4651219811852069,
                0.07845649777260819,
                0.3098321319595742
            ],
            "quaternion": [
                -0.7871435541611678,
                0.5404283520091254,
                -0.026614738447981373,
                -0.29602067167684176
            ]
        },
        {
            "camera": "camera_rgb",
            "file_path": "./train/c_21.jpg",
            "rotation": 0.1,
            "transform_matrix": [
                [
                    0.3859002361844947,
                    -0.8653873704315237,
                    -0.3196649915307649,
                    0.48381836466223715
                ],
                [
                    -0.8392324188321637,
                    -0.1854099334378901,
                    -0.5111869557839608,
                    0.06265757664087071
                ],
                [
                    0.3831056706626347,
                    0.4655403910297902,
                    -0.7978108732186866,
                    0.30454598598419585
                ],
                [
                    0.0,
                    0.0,
                    0.0,
                    1.0
                ]
            ],
            "position": [
                0.48381836466223715,
                0.06265757664087071,
                0.30454598598419585
            ],
            "quaternion": [
                -0.7695952967424511,
                0.5537358998669983,
                -0.020608338450906746,
                -0.3172842411657315
            ]
        },
        {
            "camera": "camera_rgb",
            "file_path": "./train/c_22.jpg",
            "rotation": 0.1,
            "transform_matrix": [
                [
                    0.3791065825964908,
                    -0.8641810974730042,
                    -0.3308613452828309,
                    0.49043390161582934
                ],
                [
                    -0.8497867181045218,
                    -0.18361513177409358,
                    -0.4941133646408779,
                    0.05687349312578663
                ],
                [
                    0.3662522802183716,
                    0.4684832058398008,
                    -0.8039793237894289,
                    0.29934093801236317
                ],
                [
                    0.0,
                    0.0,
                    0.0,
                    1.0
                ]
            ],
            "position": [
                0.49043390161582934,
                0.05687349312578663,
                0.29934093801236317
            ],
            "quaternion": [
                -0.7692021340385854,
                0.5570571357169232,
                -0.011502417178640756,
                -0.3128537674566655
            ]
        },
        {
            "camera": "camera_rgb",
            "file_path": "./train/c_23.jpg",
            "rotation": 0.1,
            "transform_matrix": [
                [
                    0.3541801234199548,
                    -0.8727938150426878,
                    -0.33583834890830505,
                    0.4941363798950584
                ],
                [
                    -0.8606698725592469,
                    -0.16375001853703455,
                    -0.48211337037876406,
                    0.044317976526180775
                ],
                [
                    0.36579203195678783,
                    0.45980092197857986,
                    -0.8091843433387559,
                    0.30245553222728444
                ],
                [
                    0.0,
                    0.0,
                    0.0,
                    1.0
                ]
            ],
            "position": [
                0.4941363798950584,
                0.044317976526180775,
                0.30245553222728444
            ],
            "quaternion": [
                -0.7627419882252598,
                0.568165231213263,
                -0.009817708543103959,
                -0.30872463930330674
            ]
        },
        {
            "camera": "camera_rgb",
            "file_path": "./train/c_24.jpg",
            "rotation": 0.1,
            "transform_matrix": [
                [
                    0.3443053933915616,
                    -0.8671400132447111,
                    -0.3598916413470097,
                    0.4991446775880928
                ],
                [
                    -0.8852513108694096,
                    -0.1721722421595838,
                    -0.43207272030728133,
                    0.0382059521859702
                ],
                [
                    0.3127041935847269,
                    0.4673595152125443,
                    -0.8269166650000603,
                    0.2968686875263289
                ],
                [
                    0.0,
                    0.0,
                    0.0,
                    1.0
                ]
            ],
            "position": [
                0.4991446775880928,
                0.0382059521859702,
                0.2968686875263289
            ],
            "quaternion": [
                -0.7654052988219452,
                0.5723704306915225,
                0.015412482033706223,
                -0.2937748030010195
            ]
        },
        {
            "camera": "camera_rgb",
            "file_path": "./train/c_25.jpg",
            "rotation": 0.1,
            "transform_matrix": [
                [
                    0.34418816450570394,
                    -0.860813071897549,
                    -0.37488046450101853,
                    0.4941445127139586
                ],
                [
                    -0.8798245636849479,
                    -0.15631329413783895,
                    -0.44885954508327913,
                    0.0410951921682052
                ],
                [
                    0.32778536353959653,
                    0.4843211840566984,
                    -0.8111656711937038,
                    0.3003561505959142
                ],
                [
                    0.0,
                    0.0,
                    0.0,
                    1.0
                ]
            ],
            "position": [
                0.4941445127139586,
                0.0410951921682052,
                0.3003561505959142
            ],
            "quaternion": [
                -0.7602062374872942,
                0.5724196060477414,
                0.015487519394060664,
                -0.3068823369241307
            ]
        },
        {
            "camera": "camera_rgb",
            "file_path": "./train/c_26.jpg",
            "rotation": 0.1,
            "transform_matrix": [
                [
                    0.34910950076163544,
                    -0.7955259015833381,
                    -0.49523842377987887,
                    0.49463004673337796
                ],
                [
                    -0.9357920817725073,
                    -0.32368431923156576,
                    -0.13971986678878265,
                    0.04483053815221397
                ],
                [
                    -0.04915013906225346,
                    0.5122177285038221,
                    -0.8574481106379245,
                    0.29137075494702064
                ],
                [
                    0.0,
                    0.0,
                    0.0,
                    1.0
                ]
            ],
            "position": [
                0.49463004673337796,
                0.04483053815221397,
                0.29137075494702064
            ],
            "quaternion": [
                -0.7953344677369553,
                0.5442075914188478,
                0.17111841465773836,
                -0.20492445171850476
            ]
        },
        {
            "camera": "camera_rgb",
            "file_path": "./train/c_27.jpg",
            "rotation": 0.1,
            "transform_matrix": [
                [
                    0.3191355359939199,
                    -0.8068117137069089,
                    -0.49719952563452274,
                    0.49773802432030245
                ],
                [
                    -0.9451088167781658,
                    -0.3097805785189412,
                    -0.1039486297199037,
                    0.02939900235625295
                ],
                [
                    -0.07015578460860517,
                    0.5030813570366041,
                    -0.8613868550704497,
                    0.2911178858307085
                ],
                [
                    0.0,
                    0.0,
                    0.0,
                    1.0
                ]
            ],
            "position": [
                0.49773802432030245,
                0.02939900235625295,
                0.2911178858307085
            ],
            "quaternion": [
                -0.789032465500417,
                0.555081928750514,
                0.17976196660553073,
                -0.19233256874094945
            ]
        },
        {
            "camera": "camera_rgb",
            "file_path": "./train/c_28.jpg",
            "rotation": 0.1,
            "transform_matrix": [
                [
                    0.21746509965744365,
                    -0.8312978592742784,
                    -0.5115200871881578,
                    0.5008025393556836
                ],
                [
                    -0.9595819985534084,
                    -0.27799486514767435,
                    0.04383198608063632,
                    0.009390580151643957
                ],
                [
                    -0.1786373938547714,
                    0.4813135403430169,
                    -0.8581526422491786,
                    0.2894915022396095
                ],
                [
                    0.0,
                    0.0,
                    0.0,
                    1.0
                ]
            ],
            "position": [
                0.5008025393556836,
                0.009390580151643957,
                0.2894915022396095
            ],
            "quaternion": [
                -0.7670722480215977,
                0.5836704963098422,
                0.2249310905651135,
                -0.1425807961302636
            ]
        },
        {
            "camera": "camera_rgb",
            "file_path": "./train/c_29.jpg",
            "rotation": 0.1,
            "transform_matrix": [
                [
                    0.2787136550598762,
                    -0.8197327173599156,
                    -0.5003568432357983,
                    0.5032473013240624
                ],
                [
                    -0.9473123651542865,
                    -0.32029774813317824,
                    -0.00293859942953259,
                    0.03829888274494997
                ],
                [
                    -0.15785430405584877,
                    0.4748132523745985,
                    -0.8658142953662176,
                    0.2892697268407154
                ],
                [
                    0.0,
                    0.0,
                    0.0,
                    1.0
                ]
            ],
            "position": [
                0.5032473013240624,
                0.03829888274494997,
                0.2892697268407154
            ],
            "quaternion": [
                -0.7849859551450797,
                0.5627601061984266,
                0.20962395290096314,
                -0.1521521355161163
            ]
        },
        {
            "camera": "camera_rgb",
            "file_path": "./train/c_30.jpg",
            "rotation": 0.1,
            "transform_matrix": [
                [
                    0.23913513725733287,
                    -0.8144153718836248,
                    -0.5287173045858944,
                    0.5077544034242929
                ],
                [
                    -0.9423321663384955,
                    -0.325961717835137,
                    0.07588838376038859,
                    0.02183047604770849
                ],
                [
                    -0.23414626713384576,
                    0.4800797439442985,
                    -0.845398701821609,
                    0.28223368357144807
                ],
                [
                    0.0,
                    0.0,
                    0.0,
                    1.0
                ]
            ],
            "position": [
                0.5077544034242929,
                0.02183047604770849,
                0.28223368357144807
            ],
            "quaternion": [
                -0.7762863459815227,
                0.5657505251759711,
                0.24567586232387278,
                -0.13016752226507133
            ]
        },
        {
            "camera": "camera_rgb",
            "file_path": "./train/c_31.jpg",
            "rotation": 0.1,
            "transform_matrix": [
                [
                    0.2025919719593406,
                    -0.826802653438674,
                    -0.524741712811545,
                    0.5055342011645847
                ],
                [
                    -0.9514482615392331,
                    -0.29299953764574166,
                    0.09432643613194153,
                    0.002998922950357502
                ],
                [
                    -0.23173842692051996,
                    0.480154811707797,
                    -0.8460193013650774,
                    0.28073839411016677
                ],
                [
                    0.0,
                    0.0,
