{
    "cameras": {
        "camera_rgb": {
            "w": 1920,
            "h": 1080,
            "near": 0.1,
            "far": 2.0,
            "camera_angle_x": [
                0.0
            ],
            "types": [
                "color"
            ]
        }
    },
    "frames": [
        {
            "camera": "camera_rgb",
            "file_path": "./train/c_0.jpg",
            "rotation": 0.1,
            "transform_matrix": [
                [
                    0.08142154907315687,
                    -0.9866255633335521,
                    0.14121093839812315,
                    0.32452260331518507
                ],
                [
                    -0.9946565727784165,
                    -0.07141367003444614,
                    0.07455461059455845,
                    -0.10970111931991317
                ],
                [
                    -0.06347309331695179,
                    -0.1465267399110562,
                    -0.9871682130801294,
                    0.781527660039635
                ],
                [
                    0.0,
                    0.0,
                    0.0,
                    1.0
                ]
            ],
            "position": [
                0.32452260331518507,
                -0.10970111931991317,
                0.781527660039635
            ],
            "quaternion": [
                -0.7314354661283885,
                0.6771858404345668,
                -0.026570152223837618,
                0.07556377631322514
            ]
        },
        {
            "camera": "camera_rgb",
            "file_path": "./train/c_1.jpg",
            "rotation": 0.1,
            "transform_matrix": [
                [
                    0.07993274459648872,
                    -0.9649885229722965,
                    0.2498157458468499,
                    0.2972212914840738
                ],
                [
                    -0.9929109622051127,
                    -0.05496245502502125,
                    0.10538951404451825,
                    -0.1259858399049182
                ],
                [
                    -0.08796918479893812,
                    -0.2564688656920522,
                    -0.9625409827412243,
                    0.8035057943125608
                ],
                [
                    0.0,
                    0.0,
                    0.0,
                    1.0
                ]
            ],
            "position": [
                0.2972212914840738,
                -0.1259858399049182,
                0.8035057943125608
            ],
            "quaternion": [
                -0.7241243599442779,
                0.6759503452172888,
                -0.055876330547507146,
                0.12492893458243085
            ]
        },
        {
            "camera": "camera_rgb",
            "file_path": "./train/c_2.jpg",
            "rotation": 0.1,
            "transform_matrix": [
                [
                    0.08554075229838298,
                    -0.9565022366098429,
                    0.2789018663555243,
                    0.29729463643886034
                ],
                [
                    -0.9473622563015694,
                    0.008597942943563858,
                    0.3200481693625801,
                    -0.18887400576379526
                ],
                [
                    -0.30852477215197194,
                    -0.2915982625762837,
                    -0.9054186425245875,
                    0.7877306637539783
                ],
                [
                    0.0,
                    0.0,
                    0.0,
                    1.0
                ]
            ],
            "position": [
                0.29729463643886034,
                -0.18887400576379526,
                0.7877306637539783
            ],
            "quaternion": [
                -0.7039798067232201,
                0.6761038237886958,
                0.010519740220630578,
                0.21720899411711447
            ]
        },
        {
            "camera": "camera_rgb",
            "file_path": "./train/c_3.jpg",
            "rotation": 0.1,
            "transform_matrix": [
                [
                    0.032146235631671995,
                    -0.9842279888619118,
                    0.17395943629349156,
                    0.313847921616418
                ],
                [
                    -0.989694005887139,
                    -0.00704551963558938,
                    0.14302494664963827,
                    -0.12297808249050372
                ],
                [
                    -0.13954352097385384,
                    -0.1767643250033808,
                    -0.974311027937341,
                    0.8425089417540526
                ],
                [
                    0.0,
                    0.0,
                    0.0,
                    1.0
                ]
            ],
            "position": [
                0.313847921616418,
                -0.12297808249050372,
                0.8425089417540526
            ],
            "quaternion": [
                0.7094877428137149,
                -0.6955408615407611,
                0.012126961174662802,
                -0.11268252043835753
            ]
        },
        {
            "camera": "camera_rgb",
            "file_path": "./train/c_4.jpg",
            "rotation": 0.1,
            "transform_matrix": [
                [
                    -0.0002575678928753086,
                    -0.948474501367076,
                    0.31685336342740195,
                    0.3122537491496375
                ],
                [
                    -0.9992552117545553,
                    0.012470531556661703,
                    0.03651722366299623,
                    -0.10283109472815577
                ],
                [
                    -0.038586985372526195,
                    -0.31660796910243905,
                    -0.94777130071589,
                    0.9134210148334003
                ],
                [
                    0.0,
                    0.0,
                    0.0,
                    1.0
                ]
            ],
            "position": [
                0.3122537491496375,
                -0.10283109472815577,
                0.9134210148334003
            ],
            "quaternion": [
                0.6955271902155776,
                -0.7000871989732962,
                0.10001938557925401,
                -0.12692645464336078
            ]
        },
        {
            "camera": "camera_rgb",
            "file_path": "./train/c_5.jpg",
            "rotation": 0.1,
            "transform_matrix": [
                [
                    -0.07609914915645948,
                    -0.9808556731136682,
                    0.17925141008760864,
                    0.35779714736183976
                ],
                [
                    -0.9836842985766112,
                    0.10324312530255815,
                    0.1473297587441212,
                    -0.1880108398351527
                ],
                [
                    -0.16301570547497451,
                    -0.1651151283150437,
                    -0.9727090388034869,
                    0.846923598447537
                ],
                [
                    0.0,
                    0.0,
                    0.0,
                    1.0
                ]
            ],
            "position": [
                0.35779714736183976,
                -0.1880108398351527,
                0.846923598447537
            ],
            "quaternion": [
                0.669581333992723,
                -0.7334915094220729,
                0.006061852471551228,
                -0.11665615112074022
            ]
        },
        {
            "camera": "camera_rgb",
            "file_path": "./train/c_6.jpg",
            "rotation": 0.1,
            "transform_matrix": [
                [
                    -0.06006296065302097,
                    -0.9977567859827456,
                    0.02956073042019211,
                    0.3966081605018682
                ],
                [
                    -0.9505369513884396,
                    0.06621145818849428,
                    0.3034724812066565,
                    -0.22982360179070002
                ],
                [
                    -0.3047489865492007,
                    -0.009871110876434885,
                    -0.9523815497831216,
                    0.7569181000801475
                ],
                [
                    0.0,
                    0.0,
                    0.0,
                    1.0
                ]
            ],
            "position": [
                0.3966081605018682,
                -0.22982360179070002,
                0.7569181000801475
            ],
            "quaternion": [
                0.6756657519247276,
                -0.7208752053623267,
                -0.10182057604823337,
                -0.11593817808840653
            ]
        },
        {
            "camera": "camera_rgb",
            "file_path": "./train/c_7.jpg",
            "rotation": 0.1,
            "transform_matrix": [
                [
                    -0.07841921621740332,
                    -0.9865489122710331,
                    0.1434282755410861,
                    0.42398298681927
                ],
                [
                    -0.8745551847207786,
                    0.1371394145550232,
                    0.4651300999220652,
                    -0.27239734176590075
                ],
                [
                    -0.47854326388097157,
                    -0.08896080413500648,
                    -0.8735458316091952,
                    0.7512975560700565
                ],
                [
                    0.0,
                    0.0,
                    0.0,
                    1.0
                ]
            ],
            "position": [
                0.42398298681927,
                -0.27239734176590075,
                0.7512975560700565
            ],
            "quaternion": [
                0.6438124438142718,
                -0.7226846964031641,
                -0.1301283866926147,
                -0.21515884975240124
            ]
        },
        {
            "camera": "camera_rgb",
            "file_path": "./train/c_8.jpg",
            "rotation": 0.1,
            "transform_matrix": [
                [
                    -0.2362525074884495,
                    -0.9715484748196295,
                    -0.0166827390158914,
                    0.42823025477909854
                ],
                [
                    -0.7951172172007457,
                    0.18342362359927566,
                    0.5780522339863878,
                    -0.3041587547099698
                ],
                [
                    -0.5585457578536988,
                    0.14983102276018576,
                    -0.8158292106821591,
                    0.619603655542244
                ],
                [
                    0.0,
                    0.0,
                    0.0,
                    1.0
                ]
            ],
            "position": [
                0.42823025477909854,
                -0.3041587547099698,
                0.619603655542244
            ],
            "quaternion": [
                0.59079294310979,
                -0.7475782125431429,
                -0.24341237475544275,
                -0.18120510807873422
            ]
        },
        {
            "camera": "camera_rgb",
            "file_path": "./train/c_9.jpg",
            "rotation": 0.1,
            "transform_matrix": [
                [
                    -0.19738645220696274,
                    -0.9802935071445539,
                    0.007951624700590076,
                    0.4204980980279079
                ],
                [
                    -0.725260463241353,
                    0.15148210485518473,
                    0.6716028829357279,
                    -0.3351217968750727
                ],
                [
                    -0.6595724743681218,
                    0.12679831134078007,
                    -0.7408686383543577,
                    0.5468801966325736
                ],
                [
                    0.0,
                    0.0,
                    0.0,
                    1.0
                ]
            ],
            "position": [
                0.4204980980279079,
                -0.3351217968750727,
                0.5468801966325736
            ],
            "quaternion": [
                -0.5899136020703286,
                0.7227941289067303,
                0.2761494110364266,
                0.23088190264731162
            ]
        },
        {
            "camera": "camera_rgb",
            "file_path": "./train/c_10.jpg",
            "rotation": 0.1,
            "transform_matrix": [
                [
                    -0.20255523677780218,
                    -0.9762251801260282,
                    -0.07717365963716333,
                    0.420614266273632
                ],
                [
                    -0.6628231203171997,
                    0.07866245592322108,
                    0.7446326135760499,
                    -0.3070399610931962
                ],
                [
                    -0.7208584377163523,
                    0.20198172124237235,
                    -0.6629981124084059,
                    0.46876621376925687
                ],
                [
                    0.0,
                    0.0,
                    0.0,
                    1.0
                ]
            ],
            "position": [
                0.420614266273632,
                -0.3070399610931962,
                0.46876621376925687
            ],
            "quaternion": [
                -0.5877441253801431,
                0.697173730399089,
                0.3394451610362598,
                0.23081805875419253
            ]
        },
        {
            "camera": "camera_rgb",
            "file_path": "./train/c_11.jpg",
            "rotation": 0.1,
            "transform_matrix": [
                [
                    -0.2739513722720963,
                    -0.9426464076762915,
                    -0.19070499659216744,
                    0.4688872704911291
                ],
                [
                    -0.8343910638677257,
                    0.13434669821967474,
                    0.5345488913234754,
                    -0.273853033197787
                ],
                [
                    -0.4782700055072663,
                    0.3055629473160232,
                    -0.8233402012896159,
                    0.5761657819334028
                ],
                [
                    0.0,
                    0.0,
                    0.0,
                    1.0
                ]
            ],
            "position": [
                0.4688872704911291,
                -0.273853033197787,
                0.5761657819334028
            ],
            "quaternion": [
                0.5947760400350298,
                -0.7469313367531164,
                -0.2811861880089634,
                -0.09624826712660794
            ]
        },
        {
            "camera": "camera_rgb",
            "file_path": "./train/c_12.jpg",
            "rotation": 0.1,
            "transform_matrix": [
                [
                    -0.19208835724376264,
                    -0.9545777843339751,
                    -0.2277790962038262,
                    0.4842070010801033
                ],
                [
                    -0.8984499749208423,
                    0.07767505691021334,
                    0.43215070068059946,
                    -0.230499069085303
                ],
                [
                    -0.39482870409347226,
                    0.28765924144729704,
                    -0.8725608604755519,
                    0.6319965015081496
                ],
                [
                    0.0,
                    0.0,
                    0.0,
                    1.0
                ]
            ],
            "position": [
                0.4842070010801033,
                -0.230499069085303,
                0.6319965015081496
            ],
            "quaternion": [
                0.6330063996412532,
                -0.7318319810236654,
                -0.24589178311910062,
                -0.05706523840432481
            ]
        },
        {
            "camera": "camera_rgb",
            "file_path": "./train/c_13.jpg",
            "rotation": 0.1,
            "transform_matrix": [
                [
                    -0.1217909070415818,
                    -0.9221550651302705,
                    -0.3671471242112292,
                    0.534976081279838
                ],
                [
                    -0.9471616769407699,
                    -0.002608311514395556,
                    0.32074593441818217,
                    -0.1529515556386422
                ],
                [
                    -0.29673512211522546,
                    0.386811624134579,
                    -0.8731122692630268,
                    0.6041237886588242
                ],
                [
                    0.0,
                    0.0,
                    0.0,
                    1.0
                ]
            ],
            "position": [
                0.534976081279838,
                -0.1529515556386422,
                0.6041237886588242
            ],
            "quaternion": [
                0.6621781828005084,
                -0.7057413885396163,
                -0.25064194194834105,
                0.02494242444093265
            ]
        },
        {
            "camera": "camera_rgb",
            "file_path": "./train/c_14.jpg",
            "rotation": 0.1,
            "transform_matrix": [
                [
                    0.008498897403006078,
                    -0.8257842581552073,
                    -0.5639220936671901,
                    0.5693237683181804
                ],
                [
                    -0.9892352141694987,
                    -0.0893309381219532,
                    0.11590372962626347,
                    -0.04292646409403264
                ],
                [
                    -0.14608716504183172,
                    0.5568665391970555,
                    -0.8176540819519799,
                    0.5599658429718815
                ],
                [
                    0.0,
                    0.0,
                    0.0,
                    1.0
                ]
            ],
            "position": [
                0.5693237683181804,
                -0.04292646409403264,
                0.5599658429718815
            ],
            "quaternion": [
                0.6920030917244032,
                -0.655708500044774,
                -0.2565036426026323,
                0.15930576329787488
            ]
        },
        {
            "camera": "camera_rgb",
            "file_path": "./train/c_15.jpg",
            "rotation": 0.1,
            "transform_matrix": [
                [
                    0.0827651823915586,
                    -0.7745835449902865,
                    -0.6270328989885402,
                    0.5814723396204822
                ],
                [
                    -0.9965172566768978,
                    -0.05790957366921458,
                    -0.059998653506552535,
                    0.01727961544900153
                ],
                [
                    0.010162761870751269,
                    0.6298149038469403,
                    -0.7766787657477366,
                    0.5486128282812331
                ],
                [
                    0.0,
                    0.0,
                    0.0,
                    1.0
                ]
            ],
            "position": [
                0.5814723396204822,
                0.01727961544900153,
                0.5486128282812331
            ],
            "quaternion": [
                0.692340723490459,
                -0.6395300587260475,
                -0.2227467768327611,
                0.24908605113217197
            ]
        },
        {
            "camera": "camera_rgb",
            "file_path": "./train/c_16.jpg",
            "rotation": 0.1,
            "transform_matrix": [
                [
                    0.2167380909914196,
                    -0.8021984257625179,
                    -0.5563292960266728,
                    0.5801537636838261
                ],
                [
                    -0.9702927658684601,
                    -0.11426323891305157,
                    -0.213250699263643,
                    0.08453870086804993
                ],
                [
                    0.10750138797582512,
                    0.5860218408363609,
                    -0.8031325255809494,
                    0.5721437950570751
                ],
                [
                    0.0,
                    0.0,
                    0.0,
                    1.0
                ]
            ],
            "position": [
                0.5801537636838261,
                0.08453870086804993,
                0.5721437950570751
            ],
            "quaternion": [
                0.7304316909949171,
                -0.6066553581205093,
                -0.15361647864806646,
                0.27356015721809396
            ]
        },
        {
            "camera": "camera_rgb",
            "file_path": "./train/c_17.jpg",
            "rotation": 0.1,
            "transform_matrix": [
                [
                    0.12397082906556889,
                    -0.837605908167864,
                    -0.5320221575677869,
                    0.574624249194627
                ],
                [
                    -0.9843496725701986,
                    -0.03613444469661741,
                    -0.1724819527295814,
                    0.02719547583012688
                ],
                [
                    0.12524757742861925,
                    0.5450785672806762,
                    -0.8289767185147644,
                    0.5990741878341495
                ],
                [
                    0.0,
                    0.0,
                    0.0,
                    1.0
                ]
            ],
            "position": [
                0.574624249194627,
                0.02719547583012688,
                0.5990741878341495
            ],
            "quaternion": [
                0.705172102326062,
                -0.6459222154754052,
                -0.14421028744077982,
                0.25439054921138815
            ]
        },
        {
            "camera": "camera_rgb",
            "file_path": "./train/c_18.jpg",
            "rotation": 0.1,
            "transform_matrix": [
                [
                    0.1921773821200274,
                    -0.8899985352385104,
                    -0.4134857447056661,
                    0.5351388494489618
                ],
                [
                    -0.9776722522293401,
                    -0.13713763880571975,
                    -0.1592175720314872,
                    0.03428857031737351
                ],
                [
                    0.08499894718349599,
                    0.43485155547163257,
                    -0.8964816248432532,
                    0.6723797181113568
                ],
                [
                    0.0,
                    0.0,
                    0.0,
                    1.0
                ]
            ],
            "position": [
                0.5351388494489618,
                0.03428857031737351,
                0.6723797181113568
            ],
            "quaternion": [
                0.7459530974237695,
                -0.6259308600935521,
                -0.11008900769990104,
                0.19909622318245673
            ]
        },
        {
            "camera": "camera_rgb",
            "file_path": "./train/c_19.jpg",
            "rotation": 0.1,
            "transform_matrix": [
                [
                    0.20631550144186828,
                    -0.956136322715148,
                    -0.20793567815443492,
                    0.4818727886301345
                ],
                [
                    -0.9762138771245181,
                    -0.1866630339201848,
                    -0.11028770501387775,
                    0.01801549070921185
                ],
                [
                    0.06663617616810417,
                    0.22574375772646793,
                    -0.9719050241012376,
                    0.7759558643764268
                ],
                [
                    0.0,
                    0.0,
                    0.0,
                    1.0
                ]
            ],
            "position": [
                0.4818727886301345,
                0.01801549070921185,
                0.7759558643764268
            ],
            "quaternion": [
                0.7689067276969168,
                -0.6282749368262351,
                -0.04594143219557533,
                0.10925563391270146
            ]
        },
        {
            "camera": "camera_rgb",
            "file_path": "./train/c_20.jpg",
            "rotation": 0.1,
            "transform_matrix": [
                [
                    0.3580135394296521,
                    -0.9287240431722016,
                    -0.09642591570180536,
                    0.44942968459204224
                ],
                [
                    -0.8984950073131418,
                    -0.3145699822964756,
                    -0.3061902155055782,
                    0.15422183102505416
                ],
                [
                    0.25403351632886995,
                    0.19625844662554998,
                    -0.9470742287221822,
                    0.7959308399477493
                ],
                [
                    0.0,
                    0.0,
                    0.0,
                    1.0
                ]
            ],
            "position": [
                0.44942968459204224,
                0.15422183102505416,
                0.7959308399477493
            ],
            "quaternion": [
                0.8092655586814417,
                -0.5644651273515937,
                0.04868819331535791,
                0.15521661071897855
            ]
        },
        {
            "camera": "camera_rgb",
            "file_path": "./train/c_21.jpg",
            "rotation": 0.1,
            "transform_matrix": [
                [
                    0.4151478955421783,
                    -0.9014357602595987,
                    -0.12274280000105864,
                    0.43333656477822763
                ],
                [
                    -0.819483755143742,
                    -0.31194246654812724,
                    -0.48076841890808686,
                    0.21582682531259367
                ],
                [
                    0.39509315342386275,
                    0.3001757280145575,
                    -0.8682142203560812,
                    0.7681097125744183
                ],
                [
                    0.0,
                    0.0,
                    0.0,
                    1.0
                ]
            ],
            "position": [
                0.43333656477822763,
                0.21582682531259367,
                0.7681097125744183
            ],
            "quaternion": [
                0.805495181115407,
                -0.5341154892263933,
                0.0845283820407536,
                0.24237877562467836
            ]
        },
        {
            "camera": "camera_rgb",
            "file_path": "./train/c_22.jpg",
            "rotation": 0.1,
            "transform_matrix": [
                [
                    0.3951240896757297,
                    -0.9089641283814154,
                    -0.13289532374669807,
                    0.426106198888227
                ],
                [
                    -0.7197757711097381,
                    -0.21644733919385578,
                    -0.659600931381454,
                    0.2803618971262285
                ],
                [
                    0.5707887464564343,
                    0.35627905168801843,
                    -0.7397739142785305,
                    0.7294779981772032
                ],
                [
                    0.0,
                    0.0,
                    0.0,
                    1.0
                ]
            ],
            "position": [
                0.426106198888227,
                0.2803618971262285,
                0.7294779981772032
            ],
            "quaternion": [
                0.7667026939464271,
                -0.5310828850882405,
                0.14278381856213274,
                0.3312477777946513
            ]
        },
        {
            "camera": "camera_rgb",
            "file_path": "./train/c_23.jpg",
            "rotation": 0.1,
            "transform_matrix": [
                [
                    0.43541463143270454,
                    -0.8879893919184787,
                    -0.1479491080560219,
                    0.4396324140659818
                ],
                [
                    -0.5957393054424547,
                    -0.161011344823754,
                    -0.7868735773864743,
                    0.3492785732616114
                ],
                [
                    0.6749139046465583,
                    0.4307553675559906,
                    -0.5991168789447012,
                    0.654716792379481
                ],
                [
                    0.0,
                    0.0,
                    0.0,
                    1.0
                ]
            ],
            "position": [
                0.4396324140659818,
                0.3492785732616114,
                0.654716792379481
            ],
            "quaternion": [
                0.7408661272897952,
                -0.5006708620414574,
                0.17781951609061863,
                0.4108779014622473
            ]
        },
        {
            "camera": "camera_rgb",
            "file_path": "./train/c_24.jpg",
            "rotation": 0.1,
            "transform_matrix": [
                [
                    0.6320946187106095,
                    -0.7530670027493709,
                    -0.18261019239672327,
                    0.4834111921567357
                ],
                [
                    -0.5087922455752216,
                    -0.22559952786031184,
                    -0.8308040105053224,
                    0.3276702810442487
                ],
                [
                    0.5844543128762185,
                    0.618057394098059,
                    -0.5257548989416113,
                    0.543738893169868
                ],
                [
                    0.0,
                    0.0,
                    0.0,
                    1.0
                ]
            ],
            "position": [
                0.4834111921567357,
                0.3276702810442487,
                0.543738893169868
            ],
            "quaternion": [
                0.7719189732326954,
                -0.4086737650904727,
                0.13014379370271983,
                0.46923747327580206
            ]
        },
        {
            "camera": "camera_rgb",
            "file_path": "./train/c_25.jpg",
            "rotation": 0.1,
            "transform_matrix": [
                [
                    0.4685993763542481,
                    -0.8497774966465774,
                    -0.24143908273824677,
                    0.5154149110552128
                ],
                [
                    -0.7217512802095933,
                    -0.21067740364293955,
                    -0.6593103374815864,
                    0.2939177410772532
                ],
                [
                    0.509401329009086,
                    0.4832113800267398,
                    -0.7120512960569844,
                    0.5592748802997423
                ],
                [
                    0.0,
                    0.0,
                    0.0,
                    1.0
                ]
            ],
            "position": [
                0.5154149110552128,
                0.2939177410772532,
                0.5592748802997423
            ],
            "quaternion": [
                0.7731937970291278,
                -0.5081261388955639,
                0.08664087070665535,
                0.36941426556834
            ]
        },
        {
            "camera": "camera_rgb",
            "file_path": "./train/c_26.jpg",
            "rotation": 0.1,
            "transform_matrix": [
                [
                    0.36625273278151826,
                    -0.8628954667675246,
                    -0.3482389253976723,
                    0.5754023350219699
                ],
                [
                    -0.6928939859715078,
                    -0.0031088794742125947,
                    -0.7210327725373729,
                    0.2211821440441486
                ],
                [
                    0.6210932779660281,
                    0.5053728804560753,
                    -0.5990337150486136,
                    0.5427168703220694
                ],
                [
                    0.0,
                    0.0,
                    0.0,
                    1.0
                ]
            ],
            "position": [
                0.5754023350219699,
                0.2211821440441486,
                0.5427168703220694
            ],
            "quaternion": [
                0.7014955857448258,
                -0.554451343338332,
                0.09723967600557587,
                0.4370657357155909
            ]
        },
        {
            "camera": "camera_rgb",
            "file_path": "./train/c_27.jpg",
            "rotation": 0.1,
            "transform_matrix": [
                [
                    0.43951860368661955,
                    -0.7657729333294777,
                    -0.4694839843842723,
                    0.5558746405767434
                ],
                [
                    -0.7718505414305133,
                    -0.0546473811561834,
                    -0.6334511863010397,
                    0.18995076912240108
                ],
                [
                    0.4594237028134136,
                    0.6407850484466209,
                    -0.615080793864086,
                    0.541798566173182
                ],
                [
                    0.0,
                    0.0,
                    0.0,
                    1.0
                ]
            ],
            "position": [
                0.5558746405767434,
                0.18995076912240108,
                0.541798566173182
            ],
            "quaternion": [
                0.7261602585520586,
                -0.5293648288380733,
                -0.0034635002126588432,
                0.4386872712201244
            ]
        },
        {
            "camera": "camera_rgb",
            "file_path": "./train/c_28.jpg",
            "rotation": 0.1,
            "transform_matrix": [
                [
                    0.49768042417858,
                    -0.7675760388007274,
                    -0.40390743995179523,
                    0.5527652356993406
                ],
                [
                    -0.8385031328531388,
                    -0.30665278082524255,
                    -0.4504182147822371,
                    0.1697894728122497
                ],
                [
                    0.2218708894490221,
                    0.5628419819728538,
                    -0.7962299992740602,
                    0.600190715451238
                ],
                [
                    0.0,
                    0.0,
                    0.0,
                    1.0
                ]
            ],
            "position": [
                0.5527652356993406,
                0.1697894728122497,
                0.600190715451238
            ],
            "quaternion": [
                0.8063108177647806,
                -0.4979686739245402,
                -0.05644086621602712,
                0.31416373826644334
            ]
        },
        {
            "camera": "camera_rgb",
            "file_path": "./train/c_29.jpg",
            "rotation": 0.1,
            "transform_matrix": [
                [
                    0.401606056686912,
                    -0.7519717740567443,
                    -0.5227341831699372,
                    0.5597142878742325
                ],
                [
                    -0.8894751330721503,
                    -0.1843721072057579,
                    -0.4181398255736816,
                    0.12318190659691955
                ],
                [
                    0.21805174358089702,
                    0.6328865436288411,
                    -0.7429051487335846,
                    0.5774227070780786
                ],
                [
                    0.0,
                    0.0,
                    0.0,
                    1.0
                ]
            ],
            "position": [
                0.5597142878742325,
                0.12318190659691955,
                0.5774227070780786
            ],
            "quaternion": [
                0.7630318112246632,
                -0.5378011855661756,
                -0.09982569434352925,
                0.3443566922350928
            ]
        },
        {
            "camera": "camera_rgb",
            "file_path": "./train/c_30.jpg",
            "rotation": 0.1,
            "transform_matrix": [
                [
                    0.28955953949495455,
                    -0.7679841496403068,
                    -0.5712754318091446,
                    0.5771667394252433
                ],
                [
                    -0.9406061262448238,
                    -0.11779032844046014,
                    -0.3184109825313745,
                    0.027737255551006673
                ],
                [
                    0.17724386691272742,
                    0.6295441084047593,
                    -0.7564779092707731,
                    0.5807118909759033
                ],
                [
                    0.0,
                    0.0,
                    0.0,
                    1.0
                ]
            ],
            "position": [
                0.5771667394252433,
                0.027737255551006673,
                0.5807118909759033
            ],
            "quaternion": [
                0.7354956789662024,
                -0.5807582185028212,
                -0.13393326234668732,
                0.32221458684560694
            ]
        },
        {
            "camera": "camera_rgb",
            "file_path": "./train/c_31.jpg",
            "rotation": 0.1,
            "transform_matrix": [
                [
                    0.30433166848335763,
                    -0.7953972284739388,
                    -0.524142618467639,
                    0.5855615635342615
                ],
                [
                    -0.9359355432289995,
                    -0.14731203766854556,
                    -0.3198809504777972,
                    0.02640914221925622
                ],
                [
                    0.17721990429625428,
                    0.5879136097199301,
                    -0.7892722553259481,
                    0.5889804969281638
                ],
                [
                    0.0,
                    0.0,
                    0.0,
                    1.0
                ]
            ],
            "position": [
                0.5855615635342615,
