{
    "cameras": {
        "camera_touch": {
            "w": 570,
            "h": 570,
            "near": 9.999999747378752e-05,
            "far": 2.0,
            "camera_angle_x": [
                0.523598849773407
            ],
            "types": [
                "touch"
            ]
        }
    },
    "frames": [
        {
            "camera": "camera_touch",
            "file_path": "./train/tr_0.jpg",
            "rotation": 0.1,
            "transform_matrix": [
                [
                    0.9827231435996019,
                    0.08653907492289767,
                    0.1636038249711948,
                    0.22716270615226689
                ],
                [
                    0.07752207717921844,
                    -0.9951392719809593,
                    0.06073019768636191,
                    -0.11757542463075261
                ],
                [
                    0.1680641264027976,
                    -0.04699806243553453,
                    -0.9846550825257386,
                    0.76262758467538
                ],
                [
                    0.0,
                    0.0,
                    0.0,
                    1.0
                ]
            ],
            "position": [
                0.22716270615226689,
                -0.11757542463075261,
                0.76262758467538
            ],
            "quaternion": [
                -0.9953008531314218,
                -0.04120870248042993,
                -0.08330799677645485,
                0.027059067690408688
            ]
        },
        {
            "camera": "camera_touch",
            "file_path": "./train/tr_1.jpg",
            "rotation": 0.1,
            "transform_matrix": [
                [
                    0.9587838059964768,
                    0.08319802518108965,
                    0.2716830910544066,
                    0.20247965577180266
                ],
                [
                    0.060403031877500846,
                    -0.993996445745165,
                    0.09122795397237168,
                    -0.13208986466113606
                ],
                [
                    0.2776420124889528,
                    -0.07105740251336465,
                    -0.9580531083656784,
                    0.7737580136757526
                ],
                [
                    0.0,
                    0.0,
                    0.0,
                    1.0
                ]
            ],
            "position": [
                0.20247965577180266,
                -0.13208986466113606,
                0.7737580136757526
            ],
            "quaternion": [
                -0.9887885651683653,
                -0.036307116691294605,
                -0.13888763108247,
                0.041031128153965736
            ]
        },
        {
            "camera": "camera_touch",
            "file_path": "./train/tr_2.jpg",
            "rotation": 0.1,
            "transform_matrix": [
                [
                    0.9496350066514917,
                    0.08828908268070396,
                    0.3006632535269668,
                    0.20352835942333475
                ],
                [
                    -0.008078833654910043,
                    -0.9522704207275047,
                    0.30514878052228395,
                    -0.18768268106252556
                ],
                [
                    0.3132540288468731,
                    -0.29220897263236206,
                    -0.9035960545090607,
                    0.7544946419014651
                ],
                [
                    0.0,
                    0.0,
                    0.0,
                    1.0
                ]
            ],
            "position": [
                0.20352835942333475,
                -0.18768268106252556,
                0.7544946419014651
            ],
            "quaternion": [
                -0.975381979302362,
                -0.020558560239030174,
                -0.15735215368057962,
                0.15310780731440266
            ]
        },
        {
            "camera": "camera_touch",
            "file_path": "./train/tr_3.jpg",
            "rotation": 0.1,
            "transform_matrix": [
                [
                    0.9800091927427187,
                    0.03674316689045182,
                    0.1955298489403221,
                    0.21681343026889222
                ],
                [
                    0.011669735486815276,
                    -0.9917221720847331,
                    0.12787083588218223,
                    -0.12415344699193515
                ],
                [
                    0.19860966596173646,
                    -0.12303281303132357,
                    -0.9723256283283744,
                    0.820575106802258
                ],
                [
                    0.0,
                    0.0,
                    0.0,
                    1.0
                ]
            ],
            "position": [
                0.21681343026889222,
                -0.12415344699193515,
                0.820575106802258
            ],
            "quaternion": [
                0.992979701721938,
                0.012188725833702134,
                0.09923095397034813,
                -0.06316902389884797
            ]
        },
        {
            "camera": "camera_touch",
            "file_path": "./train/tr_4.jpg",
            "rotation": 0.1,
            "transform_matrix": [
                [
                    0.9414646686822399,
                    0.0018527356800766219,
                    0.3371065780929529,
                    0.21935459872243418
                ],
                [
                    -0.005492425291428257,
                    -0.9997678649079949,
                    0.020833856141570035,
                    -0.10253767973520474
                ],
                [
                    0.3370669234550588,
                    -0.02146587216512125,
                    -0.9412359456824481,
                    0.8778144302453967
                ],
                [
                    0.0,
                    0.0,
                    0.0,
                    1.0
                ]
            ],
            "position": [
                0.21935459872243418,
                -0.10253767973520474,
                0.8778144302453967
            ],
            "quaternion": [
                0.9851962476518719,
                -0.00092358986733947,
                0.17107497653550824,
                -0.0107337725539636
            ]
        },
        {
            "camera": "camera_touch",
            "file_path": "./train/tr_5.jpg",
            "rotation": 0.1,
            "transform_matrix": [
                [
                    0.9773647727849938,
                    -0.0715935821367359,
                    0.19907902932194488,
                    0.2610011249200059
                ],
                [
                    -0.09872900803011965,
                    -0.9865997106450533,
                    0.12989839848314252,
                    -0.17819943005894426
                ],
                [
                    0.18711142106329565,
                    -0.14661299380316592,
                    -0.971336165370026,
                    0.8261285657204616
                ],
                [
                    0.0,
                    0.0,
                    0.0,
                    1.0
                ]
            ],
            "position": [
                0.2610011249200059,
                -0.17819943005894426,
                0.8261285657204616
            ],
            "quaternion": [
                0.9918768140688539,
                -0.04292912871858154,
                0.09733776088206282,
                -0.06969359225916166
            ]
        },
        {
            "camera": "camera_touch",
            "file_path": "./train/tr_6.jpg",
            "rotation": 0.1,
            "transform_matrix": [
                [
                    0.9973339677041658,
                    -0.05310250320607534,
                    0.05005078437661746,
                    0.29750306655471914
                ],
                [
                    -0.0652988340547558,
                    -0.9556144343742214,
                    0.2872927341349358,
                    -0.22298125131426783
                ],
                [
                    0.03257328866656482,
                    -0.28979506029069263,
                    -0.9565342669745601,
                    0.7514839762168826
                ],
                [
                    0.0,
                    0.0,
                    0.0,
                    1.0
                ]
            ],
            "position": [
                0.29750306655471914,
                -0.22298125131426783,
                0.7514839762168826
            ],
            "quaternion": [
                0.9886178006430493,
                -0.0299409613866774,
                0.02089371824531172,
                -0.1459321640224123
            ]
        },
        {
            "camera": "camera_touch",
            "file_path": "./train/tr_7.jpg",
            "rotation": 0.1,
            "transform_matrix": [
                [
                    0.9838396100910551,
                    -0.07331299497803005,
                    0.1633549092719041,
                    0.3264637185128452
                ],
                [
                    -0.14025060699767078,
                    -0.8826890165590969,
                    0.44854193480957744,
                    -0.25772284666923573
                ],
                [
                    0.11130763160118712,
                    -0.46420394743397614,
                    -0.8787066099296447,
                    0.7381515068112724
                ],
                [
                    0.0,
                    0.0,
                    0.0,
                    1.0
                ]
            ],
            "position": [
                0.3264637185128452,
                -0.25772284666923573,
                0.7381515068112724
            ],
            "quaternion": [
                0.967627784420717,
                -0.05517679450259874,
                0.07096246005927785,
                -0.23581917289153026
            ]
        },
        {
            "camera": "camera_touch",
            "file_path": "./train/tr_8.jpg",
            "rotation": 0.1,
            "transform_matrix": [
                [
                    0.9734873587117522,
                    -0.2287401704747255,
                    0.000544829890595136,
                    0.3313354835816406
                ],
                [
                    -0.18955098962820754,
                    -0.8053656921300022,
                    0.5616551649107571,
                    -0.2843082705745602
                ],
                [
                    -0.1280343108677644,
                    -0.5468674760407279,
                    -0.8273712461099072,
                    0.630352083457942
                ],
                [
                    0.0,
                    0.0,
                    0.0,
                    1.0
                ]
            ],
            "position": [
                0.3313354835816406,
                -0.2843082705745602,
                0.630352083457942
            ],
            "quaternion": [
                0.9495003898108273,
                -0.11013392037424949,
                -0.03356732746405342,
                -0.2918683345867522
            ]
        },
        {
            "camera": "camera_touch",
            "file_path": "./train/tr_9.jpg",
            "rotation": 0.1,
            "transform_matrix": [
                [
                    0.9814024028201962,
                    -0.19019866815912553,
                    0.025957472319934387,
                    0.32288357218233066
                ],
                [
                    -0.1601577762937582,
                    -0.7367392944561465,
                    0.6569358406244089,
                    -0.3179644485004501
                ],
                [
                    -0.10582443210990469,
                    -0.6488757035324678,
                    -0.7534995095777183,
                    0.5555518083150588
                ],
                [
                    0.0,
                    0.0,
                    0.0,
                    1.0
                ]
            ],
            "position": [
                0.32288357218233066,
                -0.3179644485004501,
                0.5555518083150588
            ],
            "quaternion": [
                -0.9316144092161809,
                0.09401810053690143,
                0.02143228695803226,
                0.3504143365551764
            ]
        },
        {
            "camera": "camera_touch",
            "file_path": "./train/tr_10.jpg",
            "rotation": 0.1,
            "transform_matrix": [
                [
                    0.9791932321390081,
                    -0.19407091166415114,
                    -0.05930510415645402,
                    0.32303045043602047
                ],
                [
                    -0.08940115014366044,
                    -0.6749078802501425,
                    0.7324662364431896,
                    -0.2967354955962831
                ],
                [
                    -0.18217587240398578,
                    -0.7119240369745253,
                    -0.6782153913704275,
                    0.48517913507751004
                ],
                [
                    0.0,
                    0.0,
                    0.0,
                    1.0
                ]
            ],
            "position": [
                0.32303045043602047,
                -0.2967354955962831,
                0.48517913507751004
            ],
            "quaternion": [
                -0.9127291099241506,
                0.0776436459052735,
                0.06614219164084749,
                0.3956217985753395
            ]
        },
        {
            "camera": "camera_touch",
            "file_path": "./train/tr_11.jpg",
            "rotation": 0.1,
            "transform_matrix": [
                [
                    0.9486018554055616,
                    -0.2639373857447455,
                    -0.17461837339568603,
                    0.37407125501543625
                ],
                [
                    -0.13925286228714712,
                    -0.8435914650171785,
                    0.5186155420877855,
                    -0.25911169381449733
                ],
                [
                    -0.2841885998170276,
                    -0.4676435571633594,
                    -0.8369864653491342,
                    0.602448537325041
                ],
                [
                    0.0,
                    0.0,
                    0.0,
                    1.0
                ]
            ],
            "position": [
                0.37407125501543625,
                -0.25911169381449733,
                0.602448537325041
            ],
            "quaternion": [
                0.9525176271826938,
                -0.1058216569661784,
                -0.12041887017358098,
                -0.2588544058051504
            ]
        },
        {
            "camera": "camera_touch",
            "file_path": "./train/tr_12.jpg",
            "rotation": 0.1,
            "transform_matrix": [
                [
                    0.9606866287176018,
                    -0.1814204262738382,
                    -0.2101614387413339,
                    0.38813532322343114
                ],
                [
                    -0.07991183587929762,
                    -0.9056247898525538,
                    0.41648269890947315,
                    -0.22190364443979738
                ],
                [
                    -0.265885877567066,
                    -0.3833149735336953,
                    -0.8845192655760837,
                    0.6563792515057219
                ],
                [
                    0.0,
                    0.0,
                    0.0,
                    1.0
                ]
            ],
            "position": [
                0.38813532322343114,
                -0.22190364443979738,
                0.6563792515057219
            ],
            "quaternion": [
                0.9683503411401265,
                -0.06746803748741104,
                -0.12290093047775327,
                -0.20648342038657197
            ]
        },
        {
            "camera": "camera_touch",
            "file_path": "./train/tr_13.jpg",
            "rotation": 0.1,
            "transform_matrix": [
                [
                    0.9307031720525158,
                    -0.10920337118045126,
                    -0.3490934391451805,
                    0.44160215916082346
                ],
                [
                    0.003108068794955225,
                    -0.9519974930342483,
                    0.30609004094362846,
                    -0.1528707770882013
                ],
                [
                    -0.36576214325672235,
                    -0.28596397846465016,
                    -0.8856876749627478,
                    0.6384672196379046
                ],
                [
                    0.0,
                    0.0,
                    0.0,
                    1.0
                ]
            ],
            "position": [
                0.44160215916082346,
                -0.1528707770882013,
                0.6384672196379046
            ],
            "quaternion": [
                0.9706141212704276,
                -0.02732669496967649,
                -0.184123519217546,
                -0.1524938355437754
            ]
        },
        {
            "camera": "camera_touch",
            "file_path": "./train/tr_14.jpg",
            "rotation": 0.1,
            "transform_matrix": [
                [
                    0.8375485867401506,
                    0.02341628215213757,
                    -0.5458608271159856,
                    0.48482151591959277
                ],
                [
                    0.09450956647154063,
                    -0.990229713477853,
                    0.10253319653132591,
                    -0.05239684879158213
                ],
                [
                    -0.5381266641739079,
                    -0.13746560397329052,
                    -0.831578559746054,
                    0.6116170603991862
                ],
                [
                    0.0,
                    0.0,
                    0.0,
                    1.0
                ]
            ],
            "position": [
                0.48482151591959277,
                -0.05239684879158213,
                0.6116170603991862
            ],
            "quaternion": [
                0.9564695792855757,
                0.030823035614266886,
                -0.2833287649773121,
                -0.0627300262128433
            ]
        },
        {
            "camera": "camera_touch",
            "file_path": "./train/tr_15.jpg",
            "rotation": 0.1,
            "transform_matrix": [
                [
                    0.7871325833116712,
                    0.09827422997758126,
                    -0.6089043209005897,
                    0.501868161374722
                ],
                [
                    0.0669095182159953,
                    -0.9950040645903917,
                    -0.07409472194902413,
                    0.010163852710906945
                ],
                [
                    -0.6131438759876823,
                    0.017580875146399107,
                    -0.789775601147496,
                    0.6078640547238079
                ],
                [
                    0.0,
                    0.0,
                    0.0,
                    1.0
                ]
            ],
            "position": [
                0.501868161374722,
                0.010163852710906945,
                0.6078640547238079
            ],
            "quaternion": [
                0.9449725004717674,
                0.0437004295414361,
                -0.32330075875122727,
                0.024253372473681506
            ]
        },
        {
            "camera": "camera_touch",
            "file_path": "./train/tr_16.jpg",
            "rotation": 0.1,
            "transform_matrix": [
                [
                    0.8121906360015858,
                    0.23133098038984734,
                    -0.5355673144462904,
                    0.49825855024599064
                ],
                [
                    0.126318070939187,
                    -0.9659776464413723,
                    -0.22567882383996626,
                    0.07118856051568573
                ],
                [
                    -0.5695525574918808,
                    0.11564239744773572,
                    -0.8137792822178496,
                    0.627035642147699
                ],
                [
                    0.0,
                    0.0,
                    0.0,
                    1.0
                ]
            ],
            "position": [
                0.49825855024599064,
                0.07118856051568573,
                0.627035642147699
            ],
            "quaternion": [
                0.9476190306791368,
                0.0943541188290527,
                -0.29155008612415334,
                0.09004654969049204
            ]
        },
        {
            "camera": "camera_touch",
            "file_path": "./train/tr_17.jpg",
            "rotation": 0.1,
            "transform_matrix": [
                [
                    0.8477897817070895,
                    0.13846193190598854,
                    -0.5119382574548487,
                    0.4892124872080118
                ],
                [
                    0.047447853983644234,
                    -0.981247903934446,
                    -0.1868187682664774,
                    0.021771196851689545
                ],
                [
                    -0.5282056296418965,
                    0.13409267107906528,
                    -0.8384616678044918,
                    0.6498046049463984
                ],
                [
                    0.0,
                    0.0,
                    0.0,
                    1.0
                ]
            ],
            "position": [
                0.4892124872080118,
                0.021771196851689545,
                0.6498046049463984
            ],
            "quaternion": [
                0.9575331158712395,
                0.04853846160506892,
                -0.27156711458731175,
                0.08378551727528856
            ]
        },
        {
            "camera": "camera_touch",
            "file_path": "./train/tr_18.jpg",
            "rotation": 0.1,
            "transform_matrix": [
                [
                    0.8971080164490821,
                    0.20520109607864895,
                    -0.3912668104898684,
                    0.44510749768692204
                ],
                [
                    0.14808986546267833,
                    -0.974027780121933,
                    -0.17128711363667945,
                    0.018890345935087427
                ],
                [
                    -0.4162530463192304,
                    0.09572039343243413,
                    -0.9041963325025711,
                    0.7118184997133463
                ],
                [
                    0.0,
                    0.0,
                    0.0,
                    1.0
                ]
            ],
            "position": [
                0.44510749768692204,
                0.018890345935087427,
                0.7118184997133463
            ],
            "quaternion": [
                0.9715079566716684,
                0.09091252595087745,
                -0.20779945690577273,
                0.06870916484700479
            ]
        },
        {
            "camera": "camera_touch",
            "file_path": "./train/tr_19.jpg",
            "rotation": 0.1,
            "transform_matrix": [
                [
                    0.9587291409703784,
                    0.21662657799803797,
                    -0.1841503732254165,
                    0.38617208543559095
                ],
                [
                    0.19654617590628926,
                    -0.9729638944800143,
                    -0.12128833734080792,
                    -0.0020919401138484173
                ],
                [
                    -0.20544594177256026,
                    0.08008861181930672,
                    -0.9753859642551979,
                    0.794265253832183
                ],
                [
                    0.0,
                    0.0,
                    0.0,
                    1.0
                ]
            ],
            "position": [
                0.38617208543559095,
                -0.0020919401138484173,
                0.794265253832183
            ],
            "quaternion": [
                0.9883138377054672,
                0.10451397324632855,
                -0.09855020317238852,
                0.050939237590242895
            ]
        },
        {
            "camera": "camera_touch",
            "file_path": "./train/tr_20.jpg",
            "rotation": 0.1,
            "transform_matrix": [
                [
                    0.9277652005685757,
                    0.36636140489990654,
                    -0.07092992044065348,
                    0.35710301934888417
                ],
                [
                    0.32800078406411626,
                    -0.8912548575570512,
                    -0.31317768843627025,
                    0.12064092106269132
                ],
                [
                    -0.17795285405768474,
                    0.26729029140753946,
                    -0.9470420697371355,
                    0.811624038463487
                ],
                [
                    0.0,
                    0.0,
                    0.0,
                    1.0
                ]
            ],
            "position": [
                0.35710301934888417,
                0.12064092106269132,
                0.811624038463487
            ],
            "quaternion": [
                0.9703144967701592,
                0.17890031419720748,
                -0.06412389278059097,
                0.14955581629583298
            ]
        },
        {
            "camera": "camera_touch",
            "file_path": "./train/tr_21.jpg",
            "rotation": 0.1,
            "transform_matrix": [
                [
                    0.9006026105218512,
                    0.4236944745508568,
                    -0.09694292215680386,
                    0.34367143563859875
                ],
                [
                    0.3284891861738887,
                    -0.8095554926410339,
                    -0.4865334098513159,
                    0.18183978219139463
                ],
                [
                    -0.2846221925431027,
                    0.40632855741358564,
                    -0.8682668431664028,
                    0.7946278690851618
                ],
                [
                    0.0,
                    0.0,
                    0.0,
                    1.0
                ]
            ],
            "position": [
                0.34367143563859875,
                0.18183978219139463,
                0.7946278690851618
            ],
            "quaternion": [
                0.9458335962453011,
                0.1988138881018114,
                -0.10085361857556017,
                0.23599736144112632
            ]
        },
        {
            "camera": "camera_touch",
            "file_path": "./train/tr_22.jpg",
            "rotation": 0.1,
            "transform_matrix": [
                [
                    0.9085012548002871,
                    0.4038877217694889,
                    -0.10723888394680231,
                    0.33562682805103816
                ],
                [
                    0.23606419494498182,
                    -0.7077860892294339,
                    -0.6658172029606034,
                    0.25520325819238954
                ],
                [
                    -0.34481758350072783,
                    0.5795805035516254,
                    -0.7383679800828058,
                    0.7623214670618996
                ],
                [
                    0.0,
                    0.0,
                    0.0,
                    1.0
                ]
            ],
            "position": [
                0.33562682805103816,
                0.25520325819238954,
                0.7623214670618996
            ],
            "quaternion": [
                0.9157833268291802,
                0.17469970494048587,
                -0.12340635197246856,
                0.3399796237477609
            ]
        },
        {
            "camera": "camera_touch",
            "file_path": "./train/tr_23.jpg",
            "rotation": 0.1,
            "transform_matrix": [
                [
                    0.8875407559592771,
                    0.44425094170337576,
                    -0.12211677733587148,
                    0.35121715371296436
                ],
                [
                    0.18239804349802766,
                    -0.5821973884516559,
                    -0.7923238950127428,
                    0.32921661037872163
                ],
                [
                    -0.42308670534457427,
                    0.6809458874798614,
                    -0.5977544128527517,
                    0.6956853960958704
                ],
                [
                    0.0,
                    0.0,
                    0.0,
                    1.0
                ]
            ],
            "position": [
                0.35121715371296436,
                0.32921661037872163,
                0.6956853960958704
            ],
            "quaternion": [
                0.8757104628944228,
                0.1788963013467123,
                -0.15564516792687472,
                0.42059034834165393
            ]
        },
        {
            "camera": "camera_touch",
            "file_path": "./train/tr_24.jpg",
            "rotation": 0.1,
            "transform_matrix": [
                [
                    0.751867103947452,
                    0.6404392627196356,
                    -0.1566314424654286,
                    0.40847325213203667
                ],
                [
                    0.24723300069387572,
                    -0.49409917180267066,
                    -0.8335117586404025,
                    0.3010951058505194
                ],
                [
                    -0.6112051221722323,
                    0.587965610551369,
                    -0.5298346340504574,
                    0.6035405011478654
                ],
                [
                    0.0,
                    0.0,
                    0.0,
                    1.0
                ]
            ],
            "position": [
                0.40847325213203667,
                0.3010951058505194,
                0.6035405011478654
            ],
            "quaternion": [
                0.8330344015575659,
                0.2663957382970413,
                -0.23043233066844981,
                0.4265938329335593
            ]
        },
        {
            "camera": "camera_touch",
            "file_path": "./train/tr_25.jpg",
            "rotation": 0.1,
            "transform_matrix": [
                [
                    0.8510778303043023,
                    0.4786031720116221,
                    -0.21588314085387694,
                    0.4304300861677112
                ],
                [
                    0.23030487411559358,
                    -0.7098086934902064,
                    -0.6656810674822649,
                    0.26933164663543147
                ],
                [
                    -0.4718328006011471,
                    0.5168274590094268,
                    -0.7143270860682369,
                    0.604786094383915
                ],
                [
                    0.0,
                    0.0,
                    0.0,
                    1.0
                ]
            ],
            "position": [
                0.4304300861677112,
                0.26933164663543147,
                0.604786094383915
            ],
            "quaternion": [
                0.904875010778454,
                0.1958568973787268,
                -0.1900019492049888,
                0.32670309271816467
            ]
        },
        {
            "camera": "camera_touch",
            "file_path": "./train/tr_26.jpg",
            "rotation": 0.1,
            "transform_matrix": [
                [
                    0.8672675697313078,
                    0.37803283632831497,
                    -0.32394156440617583,
                    0.4885390507630402
                ],
                [
                    0.02388418179318988,
                    -0.6815362011588829,
                    -0.7313945257998511,
                    0.21699127481888258
                ],
                [
                    -0.49726905026597124,
                    0.6265776736905717,
                    -0.6001032498496328,
                    0.5910425733316063
                ],
                [
                    0.0,
                    0.0,
                    0.0,
                    1.0
                ]
            ],
            "position": [
                0.4885390507630402,
                0.21699127481888258,
                0.5910425733316063
            ],
            "quaternion": [
                0.8872554964130818,
                0.11324662210778103,
                -0.23138937630792306,
                0.3826306366108455
            ]
        },
        {
            "camera": "camera_touch",
            "file_path": "./train/tr_27.jpg",
            "rotation": 0.1,
            "transform_matrix": [
                [
                    0.7721909213455708,
                    0.45245493739887166,
                    -0.44610056110126317,
                    0.47822120219511044
                ],
                [
                    0.07415167103093909,
                    -0.761462392112992,
                    -0.6439538454585703,
                    0.18092883960887957
                ],
                [
                    -0.6310488972138357,
                    0.46417621117517843,
                    -0.6215446358100589,
                    0.6033348595604167
                ],
                [
                    0.0,
                    0.0,
                    0.0,
                    1.0
                ]
            ],
            "position": [
                0.47822120219511044,
                0.18092883960887957,
                0.6033348595604167
            ],
            "quaternion": [
                0.8881413396405949,
                0.14823193542669993,
                -0.30320156715456414,
                0.31192214524063033
            ]
        },
        {
            "camera": "camera_touch",
            "file_path": "./train/tr_28.jpg",
            "rotation": 0.1,
            "transform_matrix": [
                [
                    0.7721416962397748,
                    0.5096000073592364,
                    -0.3796116876854945,
                    0.47528027325316724
                ],
                [
                    0.32270028760656266,
                    -0.8290840971145352,
                    -0.45660057412405586,
                    0.13643833816360823
                ],
                [
                    -0.5474136692727036,
                    0.23005954101328183,
                    -0.8046184700105715,
                    0.6529349049022115
                ],
                [
                    0.0,
                    0.0,
                    0.0,
                    1.0
                ]
            ],
            "position": [
                0.47528027325316724,
                0.13643833816360823,
                0.6529349049022115
            ],
            "quaternion": [
                0.9227438779781792,
                0.2254947503267107,
                -0.2511585694228411,
                0.18603652090327208
            ]
        },
        {
            "camera": "camera_touch",
            "file_path": "./train/tr_29.jpg",
            "rotation": 0.1,
            "transform_matrix": [
                [
                    0.7598247951999773,
                    0.41527498902384963,
                    -0.5002129187561576,
                    0.4831604996883795
                ],
                [
                    0.20015739863734106,
                    -0.8814596851340395,
                    -0.4277450633895535,
                    0.10206738838722612
                ],
                [
                    -0.618549348370884,
                    0.22488998860474468,
                    -0.7528752862561721,
                    0.6373548499034853
                ],
                [
                    0.0,
                    0.0,
                    0.0,
                    1.0
                ]
            ],
            "position": [
                0.4831604996883795,
                0.10206738838722612,
                0.6373548499034853
            ],
            "quaternion": [
                0.9211596803079904,
                0.16702557936413565,
                -0.3036270426841749,
                0.17712221497952932
            ]
        },
        {
            "camera": "camera_touch",
            "file_path": "./train/tr_30.jpg",
            "rotation": 0.1,
            "transform_matrix": [
                [
                    0.777739259115795,
                    0.3041202337742619,
                    -0.5501204670243623,
                    0.49868790879733627
                ],
                [
                    0.13185973931775494,
                    -0.9346311484856069,
                    -0.33026901978164536,
                    0.013614829619504776
                ],
                [
                    -0.6146012154048087,
                    0.18432444137868265,
                    -0.7670005517164693,
