{
    "cameras": {
        "camera_depth": {
            "w": 1280,
            "h": 720,
            "near": 0.28,
            "far": 3.0,
            "camera_angle_x": [
                0.0
            ],
            "types": [
                "depth"
            ]
        }
    },
    "frames": [
        {
            "camera": "camera_depth",
            "file_path": "./train/d_0.jpg",
            "rotation": 0.1,
            "transform_matrix": [
                [
                    -0.046068830770029705,
                    -0.9898865552413407,
                    -0.13417254034978335,
                    0.4343777129910002
                ],
                [
                    -0.9954546122900803,
                    0.034284668790076474,
                    0.08885199129091241,
                    0.02257537702279791
                ],
                [
                    -0.08335333047867943,
                    0.13765598148422997,
                    -0.9869665916634284,
                    0.3870680319585449
                ],
                [
                    0.0,
                    0.0,
                    0.0,
                    1.0
                ]
            ],
            "position": [
                0.4343777129910002,
                0.02257537702279791,
                0.3870680319585449
            ],
            "quaternion": [
                -0.6903988594418815,
                0.718906884329958,
                0.07876774461534763,
                -0.017672289834383074
            ]
        },
        {
            "camera": "camera_depth",
            "file_path": "./train/d_1.jpg",
            "rotation": 0.1,
            "transform_matrix": [
                [
                    -0.050577630002982765,
                    -0.9914480300695062,
                    -0.12030256445553006,
                    0.426060834389239
                ],
                [
                    -0.9956945179113027,
                    0.04068805905931083,
                    0.08328810750259977,
                    0.020776397999379657
                ],
                [
                    -0.07768095226411664,
                    0.12399711900395757,
                    -0.9892372739308091,
                    0.39060022040975734
                ],
                [
                    0.0,
                    0.0,
                    0.0,
                    1.0
                ]
            ],
            "position": [
                0.426060834389239,
                0.020776397999379657,
                0.39060022040975734
            ],
            "quaternion": [
                -0.68883250539778,
                0.7211954018810955,
                0.07185433277121756,
                -0.014774557537272064
            ]
        },
        {
            "camera": "camera_depth",
            "file_path": "./train/d_2.jpg",
            "rotation": 0.1,
            "transform_matrix": [
                [
                    -0.024116515827921153,
                    -0.9915581861408412,
                    -0.12739998885952072,
                    0.4254780596246284
                ],
                [
                    -0.9974319152165622,
                    0.015268718543618248,
                    0.06997457210627445,
                    0.03382364120181556
                ],
                [
                    -0.0674386252213229,
                    0.12876035776247344,
                    -0.989380008943549,
                    0.38793330444579976
                ],
                [
                    0.0,
                    0.0,
                    0.0,
                    1.0
                ]
            ],
            "position": [
                0.4254780596246284,
                0.03382364120181556,
                0.38793330444579976
            ],
            "quaternion": [
                -0.6982090980337804,
                0.7121716441376991,
                0.06976331156035824,
                -0.021048656599210867
            ]
        },
        {
            "camera": "camera_depth",
            "file_path": "./train/d_3.jpg",
            "rotation": 0.1,
            "transform_matrix": [
                [
                    -0.048386530126319875,
                    -0.9703508896607583,
                    -0.23680771659071884,
                    0.4435430489623778
                ],
                [
                    -0.9874740955454461,
                    0.010825658225237185,
                    0.1574093890169645,
                    -0.0010093991087318302
                ],
                [
                    -0.15017874126865785,
                    0.24145797990243728,
                    -0.9587201831673289,
                    0.37686713121267906
                ],
                [
                    0.0,
                    0.0,
                    0.0,
                    1.0
                ]
            ],
            "position": [
                0.4435430489623778,
                -0.0010093991087318302,
                0.37686713121267906
            ],
            "quaternion": [
                -0.6891112543076008,
                0.7102677298291965,
                0.14039252485557177,
                -0.03049149045223783
            ]
        },
        {
            "camera": "camera_depth",
            "file_path": "./train/d_4.jpg",
            "rotation": 0.1,
            "transform_matrix": [
                [
                    0.03211944631961275,
                    -0.9711452878062588,
                    -0.23631582921975636,
                    0.44013508607995233
                ],
                [
                    -0.9988812107197453,
                    -0.039400526174484946,
                    0.026151967578558186,
                    -0.00415801217410508
                ],
                [
                    -0.03470832809539691,
                    0.23521145488447898,
                    -0.971324303954117,
                    0.37313435431423336
                ],
                [
                    0.0,
                    0.0,
                    0.0,
                    1.0
                ]
            ],
            "position": [
                0.44013508607995233,
                -0.00415801217410508,
                0.37313435431423336
            ],
            "quaternion": [
                -0.7146385024253307,
                0.689165005319254,
                0.09481109262108663,
                -0.0731342866651921
            ]
        },
        {
            "camera": "camera_depth",
            "file_path": "./train/d_5.jpg",
            "rotation": 0.1,
            "transform_matrix": [
                [
                    0.06935392210607079,
                    -0.9713689718080402,
                    -0.22722753815745034,
                    0.44321991688339285
                ],
                [
                    -0.997269515629705,
                    -0.07330123516314573,
                    0.008968953074387637,
                    0.013974802723251023
                ],
                [
                    -0.025368221936084415,
                    0.22598506484311676,
                    -0.9738003921665126,
                    0.3759298461441304
                ],
                [
                    0.0,
                    0.0,
                    0.0,
                    1.0
                ]
            ],
            "position": [
                0.44321991688339285,
                0.013974802723251023,
                0.3759298461441304
            ],
            "quaternion": [
                -0.7274000987213388,
                0.6765971676044069,
                0.08681409863656975,
                -0.07458580510551296
            ]
        },
        {
            "camera": "camera_depth",
            "file_path": "./train/d_6.jpg",
            "rotation": 0.1,
            "transform_matrix": [
                [
                    0.09056100589146115,
                    -0.9707590009129171,
                    -0.22231883941421127,
                    0.44132090952299796
                ],
                [
                    -0.9957672073534437,
                    -0.09178311201792305,
                    -0.004850681171704507,
                    0.02430624482714864
                ],
                [
                    -0.01569627253365824,
                    0.22181709243171616,
                    -0.9749619503004662,
                    0.3771434112733311
                ],
                [
                    0.0,
                    0.0,
                    0.0,
                    1.0
                ]
            ],
            "position": [
                0.44132090952299796,
                0.02430624482714864,
                0.3771434112733311
            ],
            "quaternion": [
                -0.7343864621049686,
                0.6694415067046243,
                0.08102469953925465,
                -0.07716185792216186
            ]
        },
        {
            "camera": "camera_depth",
            "file_path": "./train/d_7.jpg",
            "rotation": 0.1,
            "transform_matrix": [
                [
                    0.11457973913777675,
                    -0.9686626862751766,
                    -0.2203726017391405,
                    0.439823221804461
                ],
                [
                    -0.9933979776358497,
                    -0.1129851667990055,
                    -0.019869829199187367,
                    0.035457633556033485
                ],
                [
                    -0.005651673037513794,
                    0.22119437674036777,
                    -0.9752133644953384,
                    0.3759566893501688
                ],
                [
                    0.0,
                    0.0,
                    0.0,
                    1.0
                ]
            ],
            "position": [
                0.439823221804461,
                0.035457633556033485,
                0.3759566893501688
            ],
            "quaternion": [
                -0.7420858859813781,
                0.6609914151014379,
                0.07614448828207679,
                -0.08121123548579365
            ]
        },
        {
            "camera": "camera_depth",
            "file_path": "./train/d_8.jpg",
            "rotation": 0.1,
            "transform_matrix": [
                [
                    0.14256545042712976,
                    -0.9652628724693371,
                    -0.2189581680978227,
                    0.43621057215135417
                ],
                [
                    -0.9897512751906645,
                    -0.13719219617215583,
                    -0.03963224152019185,
                    0.04823209292409397
                ],
                [
                    0.008216179341006588,
                    0.22236431445199478,
                    -0.9749290261631006,
                    0.3744529006302898
                ],
                [
                    0.0,
                    0.0,
                    0.0,
                    1.0
                ]
            ],
            "position": [
                0.43621057215135417,
                0.04823209292409397,
                0.3744529006302898
            ],
            "quaternion": [
                -0.7507785889167633,
                0.6509919009252818,
                0.07017408443298548,
                -0.08724112621504805
            ]
        },
        {
            "camera": "camera_depth",
            "file_path": "./train/d_9.jpg",
            "rotation": 0.1,
            "transform_matrix": [
                [
                    0.1596307832939479,
                    -0.9660393010854387,
                    -0.20318976790999466,
                    0.42114186591673697
                ],
                [
                    -0.9865387129156111,
                    -0.14871249100539305,
                    -0.06801443183457585,
                    0.05599711063127981
                ],
                [
                    0.035487757660493904,
                    0.21131176914059407,
                    -0.9767742601435104,
                    0.3765834858800009
                ],
                [
                    0.0,
                    0.0,
                    0.0,
                    1.0
                ]
            ],
            "position": [
                0.42114186591673697,
                0.05599711063127981,
                0.3765834858800009
            ],
            "quaternion": [
                -0.7558281299972291,
                0.6458369719507423,
                0.05546931170634992,
                -0.09239025868915228
            ]
        },
        {
            "camera": "camera_depth",
            "file_path": "./train/d_10.jpg",
            "rotation": 0.1,
            "transform_matrix": [
                [
                    0.1730554182739756,
                    -0.9671483188842368,
                    -0.1862147993189959,
                    0.4049916163808764
                ],
                [
                    -0.9826685507853564,
                    -0.15679294429882099,
                    -0.09888625746540437,
                    0.061104385373393
                ],
                [
                    0.06644051101118018,
                    0.2001002296288073,
                    -0.9775201054705074,
                    0.37497843802857056
                ],
                [
                    0.0,
                    0.0,
                    0.0,
                    1.0
                ]
            ],
            "position": [
                0.4049916163808764,
                0.061104385373393,
                0.37497843802857056
            ],
            "quaternion": [
                -0.7594990876401861,
                0.6418065229240651,
                0.039425199725331164,
                -0.09841512845036256
            ]
        },
        {
            "camera": "camera_depth",
            "file_path": "./train/d_11.jpg",
            "rotation": 0.1,
            "transform_matrix": [
                [
                    0.17874017035932846,
                    -0.9834120590539317,
                    -0.030865411178607673,
                    0.3942211970893609
                ],
                [
                    -0.9741434838188705,
                    -0.17247526643444686,
                    -0.1459340789589615,
                    0.06297939437145259
                ],
                [
                    0.13818981305853226,
                    0.05615162130938726,
                    -0.9888127077415495,
                    0.38002576968327983
                ],
                [
                    0.0,
                    0.0,
                    0.0,
                    1.0
                ]
            ],
            "position": [
                0.3942211970893609,
                0.06297939437145259,
                0.38002576968327983
            ],
            "quaternion": [
                -0.7648553701231916,
                0.6398413936931518,
                -0.035079768298864014,
                -0.0660531940337177
            ]
        },
        {
            "camera": "camera_depth",
            "file_path": "./train/d_12.jpg",
            "rotation": 0.1,
            "transform_matrix": [
                [
                    0.17818220391168127,
                    -0.9813413304342996,
                    0.07225161168178001,
                    0.38130069256181554
                ],
                [
                    -0.9643923946787368,
                    -0.18874489852117393,
                    -0.18526379130322007,
                    0.06345908017219459
                ],
                [
                    0.19544413855367326,
                    -0.03666819416974851,
                    -0.9800290976503411,
                    0.3800615599364905
                ],
                [
                    0.0,
                    0.0,
                    0.0,
                    1.0
                ]
            ],
            "position": [
                0.38130069256181554,
                0.06345908017219459,
                0.3800615599364905
            ],
            "quaternion": [
                -0.7659867762084471,
                0.6350379710565347,
                -0.08736908030933331,
                -0.048497821307019795
            ]
        },
        {
            "camera": "camera_depth",
            "file_path": "./train/d_13.jpg",
            "rotation": 0.1,
            "transform_matrix": [
                [
                    0.17676450600365384,
                    -0.9776663672970127,
                    0.11367842219852917,
                    0.3750870076501522
                ],
                [
                    -0.9592019760400317,
                    -0.19700468319482795,
                    -0.20278245476422307,
                    0.06299302614720655
                ],
                [
                    0.22064876745221793,
                    -0.07319582676333596,
                    -0.9726029469245139,
                    0.3779158056204056
                ],
                [
                    0.0,
                    0.0,
                    0.0,
                    1.0
                ]
            ],
            "position": [
                0.3750870076501522,
                0.06299302614720655,
                0.3779158056204056
            ],
            "quaternion": [
                -0.7658914584714742,
                0.6322232085472891,
                -0.10912946627101328,
                -0.04229904114101584
            ]
        },
        {
            "camera": "camera_depth",
            "file_path": "./train/d_14.jpg",
            "rotation": 0.1,
            "transform_matrix": [
                [
                    0.22788199939795248,
                    -0.9690571407471464,
                    -0.09485806406076891,
                    0.4065908157221957
                ],
                [
                    -0.927464704976102,
                    -0.18637083704389493,
                    -0.3241529455722255,
                    0.07937202731314291
                ],
                [
                    0.2964439498016173,
                    0.16184612774645968,
                    -0.9412368541230698,
                    0.3635059745687968
                ],
                [
                    0.0,
                    0.0,
                    0.0,
                    1.0
                ]
            ],
            "position": [
                0.4065908157221957,
                0.07937202731314291,
                0.3635059745687968
            ],
            "quaternion": [
                -0.7673780697389561,
                0.6178542317626667,
                -0.06567321797504028,
                -0.15833014777015245
            ]
        },
        {
            "camera": "camera_depth",
            "file_path": "./train/d_15.jpg",
            "rotation": 0.1,
            "transform_matrix": [
                [
                    0.21041718531868145,
                    -0.9552424227157373,
                    -0.20793393654411638,
                    0.43308604356228
                ],
                [
                    -0.9522803511703238,
                    -0.1521702858642018,
                    -0.2645871064034155,
                    0.07038859840952406
                ],
                [
                    0.2211034619753582,
                    0.2536850763134802,
                    -0.9416778329972179,
                    0.360769866081993
                ],
                [
                    0.0,
                    0.0,
                    0.0,
                    1.0
                ]
            ],
            "position": [
                0.43308604356228,
                0.07038859840952406,
                0.360769866081993
            ],
            "quaternion": [
                -0.7589881932779032,
                0.6283075395710064,
                -0.0043378313665761795,
                -0.17071058044961424
            ]
        },
        {
            "camera": "camera_depth",
            "file_path": "./train/d_16.jpg",
            "rotation": 0.1,
            "transform_matrix": [
                [
                    0.3533624109233126,
                    -0.8671275017393943,
                    -0.35103404717158204,
                    0.44554236939201697
                ],
                [
                    -0.9221126907391414,
                    -0.25963511534308087,
                    -0.2868759182270371,
                    0.06657686080969735
                ],
                [
                    0.15761723295466332,
                    0.42506411587898313,
                    -0.8913345641608058,
                    0.3409269507181773
                ],
                [
                    0.0,
                    0.0,
                    0.0,
                    1.0
                ]
            ],
            "position": [
                0.44554236939201697,
                0.06657686080969735,
                0.3409269507181773
            ],
            "quaternion": [
                -0.7912518512121466,
                0.5653162453867355,
                0.061110670142227964,
                -0.22493976421566883
            ]
        },
        {
            "camera": "camera_depth",
            "file_path": "./train/d_17.jpg",
            "rotation": 0.1,
            "transform_matrix": [
                [
                    0.34363127319230186,
                    -0.8689070839657262,
                    -0.35625556489466365,
                    0.44156191546921336
                ],
                [
                    -0.9264208373078702,
                    -0.2515124855741174,
                    -0.28015335407971487,
                    0.05144846116610052
                ],
                [
                    0.15382451133035452,
                    0.4263120324768087,
                    -0.8914011839118623,
                    0.3554851240787739
                ],
                [
                    0.0,
                    0.0,
                    0.0,
                    1.0
                ]
            ],
            "position": [
                0.44156191546921336,
                0.05144846116610052,
                0.3554851240787739
            ],
            "quaternion": [
                -0.7884368904264972,
                0.5692649021739257,
                0.06418710060639099,
                -0.22400695962109782
            ]
        },
        {
            "camera": "camera_depth",
            "file_path": "./train/d_18.jpg",
            "rotation": 0.1,
            "transform_matrix": [
                [
                    0.38969403938752056,
                    -0.8831013622028601,
                    -0.26128631755468984,
                    0.4074533774900404
                ],
                [
                    -0.8698232357963975,
                    -0.2597265190029241,
                    -0.4194635547879076,
                    0.07508018953985303
                ],
                [
                    0.30256585090608307,
                    0.39073535724589364,
                    -0.8693559607338073,
                    0.3571499209440173
                ],
                [
                    0.0,
                    0.0,
                    0.0,
                    1.0
                ]
            ],
            "position": [
                0.4074533774900404,
                0.07508018953985303,
                0.3571499209440173
            ],
            "quaternion": [
                -0.7935304523819036,
                0.5522518725580905,
                -0.013004951620651906,
                -0.2552499216599982
            ]
        },
        {
            "camera": "camera_depth",
            "file_path": "./train/d_19.jpg",
            "rotation": 0.1,
            "transform_matrix": [
                [
                    0.4269777640439824,
                    -0.8785281177315153,
                    -0.21419228596548998,
                    0.40370870433725126
                ],
                [
                    -0.8331935338563495,
                    -0.2901769008533464,
                    -0.4707291167445625,
                    0.08866436811388101
                ],
                [
                    0.3513951111668596,
                    0.3794544934063485,
                    -0.8558830313084627,
                    0.34638931136823925
                ],
                [
                    0.0,
                    0.0,
                    0.0,
                    1.0
                ]
            ],
            "position": [
                0.40370870433725126,
                0.08866436811388101,
                0.34638931136823925
            ],
            "quaternion": [
                -0.802032291514144,
                0.5335545766320516,
                -0.04276699733577008,
                -0.26500766392291775
            ]
        },
        {
            "camera": "camera_depth",
            "file_path": "./train/d_20.jpg",
            "rotation": 0.1,
            "transform_matrix": [
                [
                    0.4251612834054767,
                    -0.8690495611106832,
                    -0.2529639172418401,
                    0.41917641254360216
                ],
                [
                    -0.8254179387846989,
                    -0.25759894988676707,
                    -0.5023226128193446,
                    0.08856065633985075
                ],
                [
                    0.3713800067658821,
                    0.4223690819065278,
                    -0.8268501975714884,
                    0.3385719432034179
                ],
                [
                    0.0,
                    0.0,
                    0.0,
                    1.0
                ]
            ],
            "position": [
                0.41917641254360216,
                0.08856065633985075,
                0.3385719432034179
            ],
            "quaternion": [
                -0.7920852666944871,
                0.5348091978952456,
                -0.03737458160758736,
                -0.29185193790218583
            ]
        },
        {
            "camera": "camera_depth",
            "file_path": "./train/d_21.jpg",
            "rotation": 0.1,
            "transform_matrix": [
                [
                    0.39725083007407785,
                    -0.8689961101969113,
                    -0.2950212508754132,
                    0.43907960864539847
                ],
                [
                    -0.8297673518551092,
                    -0.20279222323755278,
                    -0.5199629371308397,
                    0.0758512669105341
                ],
                [
                    0.392017754445912,
                    0.45135471046285514,
                    -0.8016239801441672,
                    0.3339302725268043
                ],
                [
                    0.0,
                    0.0,
                    0.0,
                    1.0
                ]
            ],
            "position": [
                0.43907960864539847,
                0.0758512669105341,
                0.3339302725268043
            ],
            "quaternion": [
                -0.7748634541253441,
                0.5480816889314989,
                -0.0312945319845484,
                -0.31338172068938724
            ]
        },
        {
            "camera": "camera_depth",
            "file_path": "./train/d_22.jpg",
            "rotation": 0.1,
            "transform_matrix": [
                [
                    0.3906236324503728,
                    -0.8680819881258967,
                    -0.3063443155383605,
                    0.4460493007861388
                ],
                [
                    -0.8405993669842678,
                    -0.2007151570055545,
                    -0.5030965414052097,
                    0.0700658671029375
                ],
                [
                    0.37524109849125575,
                    0.454034236197697,
                    -0.80811325342643,
                    0.3292580656572457
                ],
                [
                    0.0,
                    0.0,
                    0.0,
                    1.0
                ]
            ],
            "position": [
                0.4460493007861388,
                0.0700658671029375,
                0.3292580656572457
            ],
            "quaternion": [
                -0.7745060542167191,
                0.5515359467948885,
                -0.022238817263033284,
                -0.3089470298560798
            ]
        },
        {
            "camera": "camera_depth",
            "file_path": "./train/d_23.jpg",
            "rotation": 0.1,
            "transform_matrix": [
                [
                    0.3658423928397901,
                    -0.8769922172578157,
                    -0.31151885090709497,
                    0.4498263853483562
                ],
                [
                    -0.8518153949820166,
                    -0.18068335223135795,
                    -0.491695087526884,
                    0.05849785725814269
                ],
                [
                    0.3749264947598233,
                    0.44523946039817625,
                    -0.8131371018662554,
                    0.33202953118215495
                ],
                [
                    0.0,
                    0.0,
                    0.0,
                    1.0
                ]
            ],
            "position": [
                0.4498263853483562,
                0.05849785725814269,
                0.33202953118215495
            ],
            "quaternion": [
                -0.7680575402443299,
                0.5627175610854643,
                -0.02063884636460818,
                -0.30496714612566217
            ]
        },
        {
            "camera": "camera_depth",
            "file_path": "./train/d_24.jpg",
            "rotation": 0.1,
            "transform_matrix": [
                [
                    0.3563018105849132,
                    -0.8719302070539322,
                    -0.33583736212756293,
                    0.45566786264617776
                ],
                [
                    -0.8771100882098272,
                    -0.1882254647471469,
                    -0.4418699668242574,
                    0.05159004367603878
                ],
                [
                    0.32206662809807246,
                    0.4520054075424409,
                    -0.8318438547094825,
                    0.32800867317141363
                ],
                [
                    0.0,
                    0.0,
                    0.0,
                    1.0
                ]
            ],
            "position": [
                0.45566786264617776,
                0.05159004367603878,
                0.32800867317141363
            ],
            "quaternion": [
                -0.7707719716927847,
                0.5672982725248858,
                0.004466514377904324,
                -0.2899269714390958
            ]
        },
        {
            "camera": "camera_depth",
            "file_path": "./train/d_25.jpg",
            "rotation": 0.1,
            "transform_matrix": [
                [
                    0.3563710789212777,
                    -0.8659259205520022,
                    -0.35095862181267495,
                    0.45122384318667197
                ],
                [
                    -0.8715404719056614,
                    -0.17268700775891227,
                    -0.4589078373505194,
                    0.055445422085086876
                ],
                [
                    0.33677419725825447,
                    0.469416123996014,
                    -0.8162301407039669,
                    0.3318355577876995
                ],
                [
                    0.0,
                    0.0,
                    0.0,
                    1.0
                ]
            ],
            "position": [
                0.45122384318667197,
                0.055445422085086876,
                0.3318355577876995
            ],
            "quaternion": [
                -0.765714535909386,
                0.5672664267124025,
                0.004631081134511106,
                -0.3030890373883201
            ]
        },
        {
            "camera": "camera_depth",
            "file_path": "./train/d_26.jpg",
            "rotation": 0.1,
            "transform_matrix": [
                [
                    0.3626814987381762,
                    -0.8031878612660384,
                    -0.4726006665123501,
                    0.4567984168712771
                ],
                [
                    -0.9310717729833722,
                    -0.3338469599985259,
                    -0.14714469359559956,
                    0.046865528618741104
                ],
                [
                    -0.03959146406272898,
                    0.4933917984873989,
                    -0.8689056618291425,
                    0.33141688639891337
                ],
                [
                    0.0,
                    0.0,
                    0.0,
                    1.0
                ]
            ],
            "position": [
                0.4567984168712771,
                0.046865528618741104,
                0.33141688639891337
            ],
            "quaternion": [
                -0.800846373183284,
                0.5413803173166154,
                0.15988997996705454,
                -0.1999549793401318
            ]
        },
        {
            "camera": "camera_depth",
            "file_path": "./train/d_27.jpg",
            "rotation": 0.1,
            "transform_matrix": [
                [
                    0.3328263841060979,
                    -0.8147452565500433,
                    -0.4747807546352997,
                    0.4598857808028336
                ],
                [
                    -0.9410476136857677,
                    -0.31925515746684563,
                    -0.11182814139178984,
                    0.03171934338705246
                ],
                [
                    -0.06046475683555186,
                    0.48401065211421157,
                    -0.8729706191051301,
                    0.33112900586850763
                ],
                [
                    0.0,
                    0.0,
                    0.0,
                    1.0
                ]
            ],
            "position": [
                0.4598857808028336,
                0.03171934338705246,
                0.33112900586850763
            ],
            "quaternion": [
                -0.7945183952550139,
                0.5524676897309471,
                0.16841727527999692,
                -0.1874832090280244
            ]
        },
        {
            "camera": "camera_depth",
            "file_path": "./train/d_28.jpg",
            "rotation": 0.1,
            "transform_matrix": [
                [
                    0.23157605867572512,
                    -0.8403199382081353,
                    -0.4901376648433504,
                    0.4636912481490262
                ],
                [
                    -0.9580567380469752,
                    -0.2844338680754183,
                    0.034995162157714366,
                    0.01119814694391072
                ],
                [
                    -0.16881888440280138,
                    0.46147565064858054,
                    -0.8709422530383185,
                    0.3302168115171375
                ],
                [
                    0.0,
                    0.0,
                    0.0,
                    1.0
                ]
            ],
            "position": [
                0.4636912481490262,
                0.01119814694391072,
                0.3302168115171375
            ],
            "quaternion": [
                -0.7724860386228334,
                0.582006160975769,
                0.21325719830576184,
                -0.13802129170987365
            ]
        },
        {
            "camera": "camera_depth",
            "file_path": "./train/d_29.jpg",
            "rotation": 0.1,
            "transform_matrix": [
                [
                    0.2925556899202637,
                    -0.828044049957137,
                    -0.47828257298992305,
                    0.46549022031276643
                ],
                [
                    -0.9447461351677263,
                    -0.32762947362999495,
                    -0.010661524026923636,
                    0.03852687239430386
                ],
                [
                    -0.14787125610111895,
                    0.4549747018676039,
                    -0.8781412826416728,
                    0.3294370880026136
                ],
                [
                    0.0,
                    0.0,
                    0.0,
                    1.0
                ]
            ],
            "position": [
                0.46549022031276643,
                0.03852687239430386,
                0.3294370880026136
            ],
            "quaternion": [
                -0.7903025303353617,
                0.5607916336127357,
                0.19807297651758102,
                -0.14729599812753308
            ]
        },
        {
            "camera": "camera_depth",
            "file_path": "./train/d_30.jpg",
            "rotation": 0.1,
            "transform_matrix": [
                [
                    0.2533853355360554,
                    -0.8236409138372796,
                    -0.5073573856647519,
                    0.47138946055222325
                ],
                [
                    -0.9409524874649358,
                    -0.3315698493171186,
                    0.06833631068014356,
                    0.020438234655330373
                ],
                [
                    -0.22450899329165067,
                    0.4600837750639707,
                    -0.8590219041759384,
