{
    "w": 1800,
    "h": 1100,
    "fl_x": 2499.9967339107384,
    "fl_y": 2499.9967339107384,
    "cx": 900.0,
    "cy": 550.0,
    "k1": -0.000366420654735171,
    "k2": 0.0,
    "p1": 0.0,
    "p2": 0.0,
    "camera_model": "OPENCV",
    "frames": [
        {
            "file_path": "images/frame_00001.png",
            "transform_matrix": [
                [
                    -0.1714894900374056,
                    -0.975015747680825,
                    -0.14119364922372457,
                    0.11226924521615354
                ],
                [
                    0.47150259439102465,
                    -0.20706375643206726,
                    0.857210536714741,
                    3.728675978964356
                ],
                [
                    -0.8650298597674208,
                    0.08042942587537931,
                    0.4952317125993785,
                    0.4934626400482488
                ],
                [
                    0.0,
                    0.0,
                    0.0,
                    1.0
                ]
            ],
            "colmap_im_id": 1,
            "depth_file_path": "depth/0001.png"
        },
        {
            "file_path": "images/frame_00002.png",
            "transform_matrix": [
                [
                    -0.16655599000943452,
                    -0.9775515939903755,
                    -0.12904256382625523,
                    0.15685409234823663
                ],
                [
                    0.5166176350554544,
                    -0.19798415590724816,
                    0.8330117004936985,
                    3.6788928281118216
                ],
                [
                    -0.8398602987054968,
                    0.07207742431975807,
                    0.5379958397253116,
                    0.7175739975564477
                ],
                [
                    0.0,
                    0.0,
                    0.0,
                    1.0
                ]
            ],
            "colmap_im_id": 2,
            "depth_file_path": "depth/0002.png"
        },
        {
            "file_path": "images/frame_00003.png",
            "transform_matrix": [
                [
                    -0.16123758044626835,
                    -0.9799478776625109,
                    -0.11706664647359544,
                    0.20091506505484905
                ],
                [
                    0.5588631978687503,
                    -0.18842746622343712,
                    0.8075685828711573,
                    3.6292661653035827
                ],
                [
                    -0.8134336904258067,
                    0.06478616393456317,
                    0.5780383933986536,
                    0.9416281296854806
                ],
                [
                    0.0,
                    0.0,
                    0.0,
                    1.0
                ]
            ],
            "colmap_im_id": 3,
            "depth_file_path": "depth/0003.png"
        },
        {
            "file_path": "images/frame_00004.png",
            "transform_matrix": [
                [
                    -0.15565109922915255,
                    -0.9821067537458494,
                    -0.10601443088346896,
                    0.244068238946496
                ],
                [
                    0.5998122781857292,
                    -0.1792393773761208,
                    0.7798066917739715,
                    3.554390716954299
                ],
                [
                    -0.7848553791918621,
                    0.05778901145209056,
                    0.6169784954996311,
                    1.1587229949388804
                ],
                [
                    0.0,
                    0.0,
                    0.0,
                    1.0
                ]
            ],
            "colmap_im_id": 4,
            "depth_file_path": "depth/0004.png"
        },
        {
            "file_path": "images/frame_00005.png",
            "transform_matrix": [
                [
                    -0.14979994386776627,
                    -0.9841219628539293,
                    -0.09520472176180923,
                    0.2869941520051919
                ],
                [
                    0.6383780728075302,
                    -0.169801033149436,
                    0.7507603114842496,
                    3.4744346490514566
                ],
                [
                    -0.7550055714865669,
                    0.05168724571800644,
                    0.6536780672887295,
                    1.3743708972036248
                ],
                [
                    0.0,
                    0.0,
                    0.0,
                    1.0
                ]
            ],
            "colmap_im_id": 5,
            "depth_file_path": "depth/0005.png"
        },
        {
            "file_path": "images/frame_00006.png",
            "transform_matrix": [
                [
                    -0.14353168207934555,
                    -0.9859638369202983,
                    -0.08528756371756158,
                    0.32802340081190123
                ],
                [
                    0.6753333487740345,
                    -0.1605772537939226,
                    0.7198192923211009,
                    3.3740588396637308
                ],
                [
                    -0.7234110341107064,
                    0.04571933780585207,
                    0.6889021830982047,
                    1.5812742556036143
                ],
                [
                    0.0,
                    0.0,
                    0.0,
                    1.0
                ]
            ],
            "colmap_im_id": 6,
            "depth_file_path": "depth/0006.png"
        },
        {
            "file_path": "images/frame_00007.png",
            "transform_matrix": [
                [
                    -0.13712697447412095,
                    -0.9876512738143846,
                    -0.07577040454159917,
                    0.36830712527485765
                ],
                [
                    0.7101263356290319,
                    -0.15134729967504912,
                    0.6876151411415795,
                    3.2655757095858333
                ],
                [
                    -0.6905916161651959,
                    0.04048402418108526,
                    0.7221109772524223,
                    1.7847670797092567
                ],
                [
                    0.0,
                    0.0,
                    0.0,
                    1.0
                ]
            ],
            "colmap_im_id": 7,
            "depth_file_path": "depth/0007.png"
        },
        {
            "file_path": "images/frame_00008.png",
            "transform_matrix": [
                [
                    -0.13047536115713437,
                    -0.9891884043126925,
                    -0.0669513323558575,
                    0.4069815757925193
                ],
                [
                    0.7431064430361616,
                    -0.1422730151181805,
                    0.6538739966440982,
                    3.140154427834577
                ],
                [
                    -0.6563299432823855,
                    0.035562479419904466,
                    0.7536353996518805,
                    1.9780610544174186
                ],
                [
                    0.0,
                    0.0,
                    0.0,
                    1.0
                ]
            ],
            "colmap_im_id": 8,
            "depth_file_path": "depth/0008.png"
        },
        {
            "file_path": "images/frame_00009.png",
            "transform_matrix": [
                [
                    -0.12347981616425178,
                    -0.990614952682935,
                    -0.058606744671830364,
                    0.44419663378852114
                ],
                [
                    0.7740430732695542,
                    -0.13310449351990356,
                    0.6189834525479929,
                    3.0056038041106596
                ],
                [
                    -0.620975084623744,
                    0.03106781816923237,
                    0.7832143607919467,
                    2.1656626783144235
                ],
                [
                    0.0,
                    0.0,
                    0.0,
                    1.0
                ]
            ],
            "colmap_im_id": 9,
            "depth_file_path": "depth/0009.png"
        },
        {
            "file_path": "images/frame_00010.png",
            "transform_matrix": [
                [
                    -0.11633126606645405,
                    -0.9919055941011681,
                    -0.050895274104625826,
                    0.47959662554724647
                ],
                [
                    0.8030451289994731,
                    -0.12408827167000225,
                    0.5828555752707283,
                    2.8572643148233037
                ],
                [
                    -0.5844532122639039,
                    0.026933125046322448,
                    0.8109803015176408,
                    2.3424634636047097
                ],
                [
                    0.0,
                    0.0,
                    0.0,
                    1.0
                ]
            ],
            "colmap_im_id": 10,
            "depth_file_path": "depth/0010.png"
        },
        {
            "file_path": "images/frame_00011.png",
            "transform_matrix": [
                [
                    -0.10890594955943826,
                    -0.9930918501124075,
                    -0.04368147651891316,
                    0.5132925236199861
                ],
                [
                    0.8300897176328152,
                    -0.11503055886179825,
                    0.5456363543681959,
                    2.699138876232376
                ],
                [
                    -0.54689172130398,
                    0.023163500777249466,
                    0.8368828456844556,
                    2.5114302911538995
                ],
                [
                    0.0,
                    0.0,
                    0.0,
                    1.0
                ]
            ],
            "colmap_im_id": 11,
            "depth_file_path": "depth/0011.png"
        },
        {
            "file_path": "images/frame_00012.png",
            "transform_matrix": [
                [
                    -0.10133403937411523,
                    -0.9941608728987785,
                    -0.0370886945208917,
                    0.544723792515155
                ],
                [
                    0.8551289516884742,
                    -0.10609357159438552,
                    0.5074432284014812,
                    2.529999183503809
                ],
                [
                    -0.5084150749616854,
                    0.019705655621819657,
                    0.8608866352129171,
                    2.6692724604334406
                ],
                [
                    0.0,
                    0.0,
                    0.0,
                    1.0
                ]
            ],
            "colmap_im_id": 12,
            "depth_file_path": "depth/0012.png"
        },
        {
            "file_path": "images/frame_00013.png",
            "transform_matrix": [
                [
                    -0.09351022673863107,
                    -0.995136229579438,
                    -0.030979381428784016,
                    0.5742571568019091
                ],
                [
                    0.878217317716303,
                    -0.09710224792436287,
                    0.46830064735297716,
                    2.35148572988833
                ],
                [
                    -0.469031108092493,
                    0.01658427045292767,
                    0.8830259235238072,
                    2.817331469751694
                ],
                [
                    0.0,
                    0.0,
                    0.0,
                    1.0
                ]
            ],
            "colmap_im_id": 13,
            "depth_file_path": "depth/0013.png"
        },
        {
            "file_path": "images/frame_00014.png",
            "transform_matrix": [
                [
                    -0.08554884103136697,
                    -0.9960066126689591,
                    -0.02553866319712003,
                    0.601045232335997
                ],
                [
                    0.899229694493143,
                    -0.0882233976505568,
                    0.4284887263963434,
                    2.1645593273546377
                ],
                [
                    -0.4290307125835616,
                    0.013691589633704154,
                    0.9031861314443129,
                    2.953592299479852
                ],
                [
                    0.0,
                    0.0,
                    0.0,
                    1.0
                ]
            ],
            "colmap_im_id": 14,
            "depth_file_path": "depth/0014.png"
        },
        {
            "file_path": "images/frame_00015.png",
            "transform_matrix": [
                [
                    -0.07744511407324577,
                    -0.9967840480246176,
                    -0.020586789692396114,
                    0.6257128877268433
                ],
                [
                    0.9183352311556904,
                    -0.07935865107258672,
                    0.38776617660410284,
                    1.9684901089429103
                ],
                [
                    -0.38815287906236995,
                    0.011125021509930937,
                    0.9215278489400072,
                    3.078481549898312
                ],
                [
                    0.0,
                    0.0,
                    0.0,
                    1.0
                ]
            ],
            "colmap_im_id": 15,
            "depth_file_path": "depth/0015.png"
        },
        {
            "file_path": "images/frame_00016.png",
            "transform_matrix": [
                [
                    -0.06919297839662776,
                    -0.9974713446332452,
                    -0.016224930697838195,
                    0.6477284722870255
                ],
                [
                    0.9353711532725726,
                    -0.07052243820649003,
                    0.34656513288983554,
                    1.7661353006499265
                ],
                [
                    -0.3468330107791664,
                    0.008803541614466339,
                    0.9378855795292415,
                    3.191369006207489
                ],
                [
                    0.0,
                    0.0,
                    0.0,
                    1.0
                ]
            ],
            "colmap_im_id": 16,
            "depth_file_path": "depth/0016.png"
        },
        {
            "file_path": "images/frame_00017.png",
            "transform_matrix": [
                [
                    -0.06088720404686459,
                    -0.9980675768450495,
                    -0.012404049097242258,
                    0.6673732517806306
                ],
                [
                    0.9505170498419585,
                    -0.06177034838533241,
                    0.3044696405556624,
                    1.5550210872604633
                ],
                [
                    -0.3046474788063986,
                    0.006748044976582615,
                    0.9524412724918524,
                    3.2904522546116737
                ],
                [
                    0.0,
                    0.0,
                    0.0,
                    1.0
                ]
            ],
            "colmap_im_id": 17,
            "depth_file_path": "depth/0017.png"
        },
        {
            "file_path": "images/frame_00018.png",
            "transform_matrix": [
                [
                    -0.05244640054545207,
                    -0.9985829601974482,
                    -0.009024781057025439,
                    0.6847961713417935
                ],
                [
                    0.9635922768505683,
                    -0.05297718741246918,
                    0.26207506864980873,
                    1.3397508517293117
                ],
                [
                    -0.2621818053636901,
                    0.005048684696567698,
                    0.9650052910316453,
                    3.378151787815368
                ],
                [
                    0.0,
                    0.0,
                    0.0,
                    1.0
                ]
            ],
            "colmap_im_id": 18,
            "depth_file_path": "depth/0018.png"
        },
        {
            "file_path": "images/frame_00019.png",
            "transform_matrix": [
                [
                    -0.043946097859219733,
                    -0.9990135574317922,
                    -0.0063759352586926655,
                    0.6986844926231881
                ],
                [
                    0.9747328718096268,
                    -0.044275340154960076,
                    0.21894182530508072,
                    1.117230568005806
                ],
                [
                    -0.21900814847102332,
                    0.003406805195155514,
                    0.9757170822434423,
                    3.4499747447355125
                ],
                [
                    0.0,
                    0.0,
                    0.0,
                    1.0
                ]
            ],
            "colmap_im_id": 19,
            "depth_file_path": "depth/0019.png"
        },
        {
            "file_path": "images/frame_00020.png",
            "transform_matrix": [
                [
                    -0.035401300877035365,
                    -0.9993650504054696,
                    -0.004030375204225721,
                    0.7109557252311638
                ],
                [
                    0.9838065758413088,
                    -0.03555862948579369,
                    0.17567072949268206,
                    0.8924574415503709
                ],
                [
                    -0.1757025020527956,
                    0.0022538627210337034,
                    0.9844407299960836,
                    3.511437368723902
                ],
                [
                    0.0,
                    0.0,
                    0.0,
                    1.0
                ]
            ],
            "colmap_im_id": 20,
            "depth_file_path": "depth/0020.png"
        },
        {
            "file_path": "images/frame_00021.png",
            "transform_matrix": [
                [
                    -0.026739376610466374,
                    -0.9996394798768415,
                    -0.002432284942454546,
                    0.7193637863236326
                ],
                [
                    0.9908969268977439,
                    -0.02682651138674775,
                    0.13192277495347046,
                    0.662636953442833
                ],
                [
                    -0.1319404638581014,
                    0.0011173890881607815,
                    0.9912570128067365,
                    3.5543326541145293
                ],
                [
                    0.0,
                    0.0,
                    0.0,
                    1.0
                ]
            ],
            "colmap_im_id": 21,
            "depth_file_path": "depth/0021.png"
        },
        {
            "file_path": "images/frame_00022.png",
            "transform_matrix": [
                [
                    -0.0181167213095655,
                    -0.9998353377898065,
                    -0.0010400556403412204,
                    0.7267539902222963
                ],
                [
                    0.9959529318917084,
                    -0.01813794143292066,
                    0.08802711251021236,
                    0.4315455187983218
                ],
                [
                    -0.08803148223960099,
                    0.0005589162007049375,
                    0.9961175361107639,
                    3.588603650564893
                ],
                [
                    0.0,
                    0.0,
                    0.0,
                    1.0
                ]
            ],
            "colmap_im_id": 22,
            "depth_file_path": "depth/0022.png"
        },
        {
            "file_path": "images/frame_00023.png",
            "transform_matrix": [
                [
                    -0.009400130800288108,
                    -0.9999556153854104,
                    -0.0006362390452162978,
                    0.7289459763149265
                ],
                [
                    0.9989939246130708,
                    -0.009418987789260593,
                    0.04384542456403026,
                    0.1977634168389928
                ],
                [
                    -0.04384947122955741,
                    -0.00022344621487665271,
                    0.999038124369975,
                    3.6011703734283382
                ],
                [
                    0.0,
                    0.0,
                    0.0,
                    1.0
                ]
            ],
            "colmap_im_id": 23,
            "depth_file_path": "depth/0023.png"
        },
        {
            "file_path": "images/frame_00024.png",
            "transform_matrix": [
                [
                    -0.0006776766182690412,
                    -0.9999997231944807,
                    -0.0003071894582381571,
                    0.7306631821739802
                ],
                [
                    0.9999997392932196,
                    -0.0006775999721403239,
                    -0.0002495431245580035,
                    -0.03547232840968263
                ],
                [
                    0.0002493349039147453,
                    -0.000307358487692545,
                    0.9999999216814298,
                    3.608851679649408
                ],
                [
                    0.0,
                    0.0,
                    0.0,
                    1.0
                ]
            ],
            "colmap_im_id": 24,
            "depth_file_path": "depth/0024.png"
        },
        {
            "file_path": "images/frame_00025.png",
            "transform_matrix": [
                [
                    0.008052631981188172,
                    -0.999967087808712,
                    -0.0009891499073611686,
                    0.7270373826832819
                ],
                [
                    0.9989779374374365,
                    0.008088656213979748,
                    -0.044470823625129795,
                    -0.2688482690087454
                ],
                [
                    0.044477360886420646,
                    -0.0006300317577185925,
                    0.9990101938561805,
                    3.590747954360789
                ],
                [
                    0.0,
                    0.0,
                    0.0,
                    1.0
                ]
            ],
            "colmap_im_id": 25,
            "depth_file_path": "depth/0025.png"
        },
        {
            "file_path": "images/frame_00026.png",
            "transform_matrix": [
                [
                    0.01682278960507534,
                    -0.9998571059388306,
                    -0.0016617621759728756,
                    0.7234675896436462
                ],
                [
                    0.9959164660918173,
                    0.016903878476424765,
                    -0.08868287015901294,
                    -0.5018437986785037
                ],
                [
                    0.08869828812941913,
                    -0.00016308304752066536,
                    0.9960585259345105,
                    3.5724440441868412
                ],
                [
                    0.0,
                    0.0,
                    0.0,
                    1.0
                ]
            ],
            "colmap_im_id": 26,
            "depth_file_path": "depth/0026.png"
        },
        {
            "file_path": "images/frame_00027.png",
            "transform_matrix": [
                [
                    0.02546166435540247,
                    -0.9996696340472481,
                    -0.003510899043540997,
                    0.7138918023572753
                ],
                [
                    0.9908317240240664,
                    0.02570238194551828,
                    -0.13263439308800326,
                    -0.7306319036143459
                ],
                [
                    0.13268081366855233,
                    -0.00010161775339691948,
                    0.9911588123797735,
                    3.523722046956725
                ],
                [
                    0.0,
                    0.0,
                    0.0,
                    1.0
                ]
            ],
            "colmap_im_id": 27,
            "depth_file_path": "depth/0027.png"
        },
        {
            "file_path": "images/frame_00028.png",
            "transform_matrix": [
                [
                    0.034142529194373175,
                    -0.9994027227690812,
                    -0.0053371735926513375,
                    0.7043319331724018
                ],
                [
                    0.9836667958118717,
                    0.03454833140501605,
                    -0.176652335434136,
                    -0.9595098123211279
                ],
                [
                    0.1767312154584376,
                    0.0007813570732391136,
                    0.9842588414455352,
                    3.4750106806584142
                ],
                [
                    0.0,
                    0.0,
                    0.0,
                    1.0
                ]
            ],
            "colmap_im_id": 28,
            "depth_file_path": "depth/0028.png"
        },
        {
            "file_path": "images/frame_00029.png",
            "transform_matrix": [
                [
                    0.04274015020322703,
                    -0.999053331261272,
                    -0.008106840097150791,
                    0.6901113346987633
                ],
                [
                    0.9745067274735502,
                    0.04347608213330514,
                    -0.22010558464321253,
                    -1.1807844530500484
                ],
                [
                    0.22024967121291664,
                    0.0015071755349942313,
                    0.9754423666995958,
                    3.401011694415244
                ],
                [
                    0.0,
                    0.0,
                    0.0,
                    1.0
                ]
            ],
            "colmap_im_id": 29,
            "depth_file_path": "depth/0029.png"
        },
        {
            "file_path": "images/frame_00030.png",
            "transform_matrix": [
                [
                    0.0513534576236544,
                    -0.9986186921353087,
                    -0.011114409928577007,
                    0.6746811814881658
                ],
                [
                    0.9632467167911024,
                    0.05246655247816027,
                    -0.26344453583670746,
                    -1.4003824606093567
                ],
                [
                    0.2636637725992278,
                    0.002822868934501427,
                    0.9646105154049075,
                    3.322211376440235
                ],
                [
                    0.0,
                    0.0,
                    0.0,
                    1.0
                ]
            ],
            "colmap_im_id": 30,
            "depth_file_path": "depth/0030.png"
        },
        {
            "file_path": "images/frame_00031.png",
            "transform_matrix": [
                [
                    0.05984501434250687,
                    -0.9980961904122299,
                    -0.014918744683754714,
                    0.6555152893585997
                ],
                [
                    0.9499940378419249,
                    0.06153685506653689,
                    -0.3061446447895427,
                    -1.6112115970319842
                ],
                [
                    0.3064798563089267,
                    0.004148512156658968,
                    0.9518681040584067,
                    3.2232695690282864
                ],
                [
                    0.0,
                    0.0,
                    0.0,
                    1.0
                ]
            ],
            "colmap_im_id": 31,
            "depth_file_path": "depth/0031.png"
        },
        {
            "file_path": "images/frame_00032.png",
            "transform_matrix": [
                [
                    0.06832997256620033,
                    -0.9974801233490543,
                    -0.01908974522244612,
                    0.6345424086133147
                ],
                [
                    0.9346184607552077,
                    0.070694422343062,
                    -0.34855506231461836,
                    -1.8184456024286837
                ],
                [
                    0.3490262850626998,
                    0.0059751295497564435,
                    0.9370938854576923,
                    3.1171000122341095
                ],
                [
                    0.0,
                    0.0,
                    0.0,
                    1.0
                ]
            ],
            "colmap_im_id": 32,
            "depth_file_path": "depth/0032.png"
        },
        {
            "file_path": "images/frame_00033.png",
            "transform_matrix": [
                [
                    0.07658530393181198,
                    -0.996773992921967,
                    -0.024006212863981625,
                    0.6103471074519424
                ],
                [
                    0.9172806420773363,
                    0.079873894837798,
                    -0.39014918248489266,
                    -2.0155349255140083
                ],
                [
                    0.39080802818245897,
                    0.0078592593696352,
                    0.9204386547458223,
                    2.994553946928435
                ],
                [
                    0.0,
                    0.0,
                    0.0,
                    1.0
                ]
            ],
            "colmap_im_id": 33,
            "depth_file_path": "depth/0033.png"
        },
        {
            "file_path": "images/frame_00034.png",
            "transform_matrix": [
                [
                    0.08479652231166268,
                    -0.9959660951377055,
                    -0.029344286326275774,
                    0.5844411951484528
                ],
                [
                    0.8977877320794501,
                    0.08914543259000059,
                    -0.4313122766348985,
                    -2.2068685985126075
                ],
                [
                    0.43218831304361444,
                    0.010228840818608066,
                    0.9017253644453073,
                    2.86253378104458
                ],
                [
                    0.0,
                    0.0,
                    0.0,
                    1.0
                ]
            ],
            "colmap_im_id": 34,
            "depth_file_path": "depth/0034.png"
        },
        {
            "file_path": "images/frame_00035.png",
            "transform_matrix": [
                [
                    0.09284754251694564,
                    -0.9950537191777431,
                    -0.03531897222606465,
                    0.5560189807735925
                ],
                [
                    0.8763289713521347,
                    0.09850631733245217,
                    -0.47153370973293907,
                    -2.38714764746431
                ],
                [
                    0.472680513473396,
                    0.012829707562520321,
                    0.8811404716538601,
                    2.717128828091382
                ],
                [
                    0.0,
                    0.0,
                    0.0,
                    1.0
                ]
            ],
            "colmap_im_id": 35,
            "depth_file_path": "depth/0035.png"
        },
        {
            "file_path": "images/frame_00036.png",
            "transform_matrix": [
                [
                    0.10074241651793837,
                    -0.994032043379116,
                    -0.041848085376338225,
                    0.5255399377222453
                ],
                [
                    0.852715666765727,
                    0.10793745301012253,
                    -0.5111022381969866,
                    -2.5595266090201063
                ],
                [
                    0.5125689779594623,
                    0.015805156539138072,
                    0.858500576505552,
                    2.5620428016801946
                ],
                [
                    0.0,
                    0.0,
                    0.0,
                    1.0
                ]
            ],
            "colmap_im_id": 36,
            "depth_file_path": "depth/0036.png"
        },
        {
            "file_path": "images/frame_00037.png",
            "transform_matrix": [
                [
                    0.1084740128775077,
                    -0.9928925409729744,
                    -0.04896724017627325,
                    0.4930723478649214
                ],
                [
                    0.8271021289582027,
                    0.11746830356064607,
                    -0.5496392143319041,
                    -2.7203687133443717
                ],
                [
                    0.551484774769947,
                    0.019120662614418957,
                    0.833965792738603,
                    2.3959085622998595
                ],
                [
                    0.0,
                    0.0,
                    0.0,
                    1.0
                ]
            ],
            "colmap_im_id": 37,
            "depth_file_path": "depth/0037.png"
        },
        {
            "file_path": "images/frame_00038.png",
            "transform_matrix": [
                [
                    0.11601481845844512,
                    -0.9916282991787911,
                    -0.05669107659792453,
                    0.45852313069719114
                ],
                [
                    0.799332014079053,
                    0.12709274359109335,
                    -0.5872952969289071,
                    -2.871399790191523
                ],
                [
                    0.5895836608712784,
                    0.02281996481737692,
                    0.8073848871754753,
                    2.2205615762086124
                ],
                [
                    0.0,
                    0.0,
                    0.0,
                    1.0
                ]
            ],
            "colmap_im_id": 38,
            "depth_file_path": "depth/0038.png"
        },
        {
            "file_path": "images/frame_00039.png",
            "transform_matrix": [
                [
                    0.12334618248434431,
                    -0.9902324948346516,
                    -0.0650025033370319,
                    0.42221623467965613
                ],
                [
                    0.7695517902066408,
                    0.13680337825122096,
                    -0.6237586695900968,
                    -3.0104427521721155
                ],
                [
                    0.6265586656142368,
                    0.02691545787452587,
                    0.7789093635790443,
                    2.036670839222515
                ],
                [
                    0.0,
                    0.0,
                    0.0,
                    1.0
                ]
            ],
            "colmap_im_id": 39,
            "depth_file_path": "depth/0039.png"
        },
        {
            "file_path": "images/frame_00040.png",
            "transform_matrix": [
                [
                    0.13046122891092055,
                    -0.9886929298269531,
                    -0.07393347185982574,
                    0.3841987977275568
                ],
                [
                    0.7376337985673758,
                    0.1466192326253721,
                    -0.6590896599366516,
                    -3.1376184874321713
                ],
                [
                    0.6624773558108356,
                    0.031449819308578854,
                    0.7484214467152455,
                    1.8442244698562866
                ],
                [
                    0.0,
                    0.0,
                    0.0,
                    1.0
                ]
            ],
            "colmap_im_id": 40,
            "depth_file_path": "depth/0040.png"
        },
        {
            "file_path": "images/frame_00041.png",
            "transform_matrix": [
                [
                    0.13732512854224094,
                    -0.9870048535327814,
                    -0.08344595960015075,
                    0.3447786731824129
                ],
                [
                    0.7036672992215933,
                    0.15649968205284828,
                    -0.6930802129072405,
                    -3.252740337829015
                ],
                [
                    0.6971328001729983,
                    0.036459136304778275,
                    0.7160143785587436,
                    1.645207507207727
                ],
                [
                    0.0,
                    0.0,
                    0.0,
                    1.0
                ]
            ],
            "colmap_im_id": 41,
            "depth_file_path": "depth/0041.png"
        },
        {
            "file_path": "images/frame_00042.png",
            "transform_matrix": [
                [
                    0.143952682337913,
                    -0.985144028860894,
                    -0.09364223217889459,
                    0.3039026749383283
                ],
                [
                    0.6675567299890193,
                    0.1665264338713737,
                    -0.7256975672196034,
                    -3.3539423868573586
                ],
                [
                    0.7305105320897759,
                    0.041954609065144484,
                    0.6816114533105375,
                    1.4382563378411135
                ],
                [
                    0.0,
                    0.0,
                    0.0,
                    1.0
                ]
            ],
            "colmap_im_id": 42,
            "depth_file_path": "depth/0042.png"
        },
        {
            "file_path": "images/frame_00043.png",
            "transform_matrix": [
                [
                    0.15029844221278038,
                    -0.9831191123960324,
                    -0.10434169401561798,
                    0.262331351910956
                ],
                [
                    0.6293506512695117,
                    0.17653674743455802,
                    -0.7568041586512778,
                    -3.4431396756691734
                ],
                [
