{
    "cameras": {
        "camera_depth": {
            "w": 1280,
            "h": 720,
            "near": 0.28,
            "far": 3.0,
            "camera_angle_x": [
                0.0
            ],
            "types": [
                "depth"
            ]
        }
    },
    "frames": [
        {
            "camera": "camera_depth",
            "file_path": "./train/d_0.jpg",
            "rotation": 0.1,
            "transform_matrix": [
                [
                    0.08653907492289752,
                    -0.9827231435996021,
                    0.16360382497119452,
                    0.2716069926118749
                ],
                [
                    -0.9951392719809599,
                    -0.0775220771792184,
                    0.06073019768636251,
                    -0.09746387736335371
                ],
                [
                    -0.04699806243553518,
                    -0.1680641264027974,
                    -0.9846550825257393,
                    0.7909750989347262
                ],
                [
                    0.0,
                    0.0,
                    0.0,
                    1.0
                ]
            ],
            "position": [
                0.2716069926118749,
                -0.09746387736335371,
                0.7909750989347262
            ],
            "quaternion": [
                -0.7329229355377952,
                0.6746450296021734,
                -0.039773999191224145,
                0.07804129970417216
            ]
        },
        {
            "camera": "camera_depth",
            "file_path": "./train/d_1.jpg",
            "rotation": 0.1,
            "transform_matrix": [
                [
                    0.08319802518109011,
                    -0.9587838059964768,
                    0.2716830910544068,
                    0.2436865626304899
                ],
                [
                    -0.9939964457451649,
                    -0.06040303187750139,
                    0.09122795397237203,
                    -0.1134465272655587
                ],
                [
                    -0.07105740251336483,
                    -0.2776420124889531,
                    -0.9580531083656783,
                    0.8074888199953546
                ],
                [
                    0.0,
                    0.0,
                    0.0,
                    1.0
                ]
            ],
            "position": [
                0.2436865626304899,
                -0.1134465272655587,
                0.8074888199953546
            ],
            "quaternion": [
                -0.7248521080080133,
                0.6735060911725215,
                -0.0691949968039466,
                0.12722177471875365
            ]
        },
        {
            "camera": "camera_depth",
            "file_path": "./train/d_2.jpg",
            "rotation": 0.1,
            "transform_matrix": [
                [
                    0.08828908268070464,
                    -0.9496350066514914,
                    0.3006632535269672,
                    0.2436259443089523
                ],
                [
                    -0.952270420727505,
                    0.008078833654909754,
                    0.3051487805222835,
                    -0.17734793797951456
                ],
                [
                    -0.29220897263236145,
                    -0.31325402884687364,
                    -0.9035960545090606,
                    0.7928186196285383
                ],
                [
                    0.0,
                    0.0,
                    0.0,
                    1.0
                ]
            ],
            "position": [
                0.2436259443089523,
                -0.17734793797951456,
                0.7928186196285383
            ],
            "quaternion": [
                -0.7042363091683074,
                0.6751621144554063,
                -0.0030012060972285683,
                0.21952834370646299
            ]
        },
        {
            "camera": "camera_depth",
            "file_path": "./train/d_3.jpg",
            "rotation": 0.1,
            "transform_matrix": [
                [
                    0.036748672182719024,
                    -0.9800082006021531,
                    0.19553378696618423,
                    0.2613717292831038
                ],
                [
                    -0.9917219923284832,
                    -0.011674608415582013,
                    0.12787178520051495,
                    -0.10869578327710823
                ],
                [
                    -0.12303261772729567,
                    -0.19861427509339025,
                    -0.972324711556945,
                    0.8515420291419691
                ],
                [
                    0.0,
                    0.0,
                    0.0,
                    1.0
                ]
            ],
            "position": [
                0.2613717292831038,
                -0.10869578327710823,
                0.8515420291419691
            ],
            "quaternion": [
                0.7107630753115991,
                -0.6935219141885186,
                0.02550102942671153,
                -0.11483581186853725
            ]
        },
        {
            "camera": "camera_depth",
            "file_path": "./train/d_4.jpg",
            "rotation": 0.1,
            "transform_matrix": [
                [
                    0.001852735680076649,
                    -0.9414646686822402,
                    0.33710657809295275,
                    0.25984857118373733
                ],
                [
                    -0.999767864907995,
                    0.005492425291427842,
                    0.02083385614157021,
                    -0.08572105168175063
                ],
                [
                    -0.021465872165121358,
                    -0.3370669234550586,
                    -0.9412359456824485,
                    0.9133220310132797
                ],
                [
                    0.0,
                    0.0,
                    0.0,
                    1.0
                ]
            ],
            "position": [
                0.25984857118373733,
                -0.08572105168175063,
                0.9133220310132797
            ],
            "quaternion": [
                0.6959858708559491,
                -0.6972920241724108,
                0.11337835263896553,
                -0.12855819936020907
            ]
        },
        {
            "camera": "camera_depth",
            "file_path": "./train/d_5.jpg",
            "rotation": 0.1,
            "transform_matrix": [
                [
                    -0.07159358213673557,
                    -0.977364772784994,
                    0.19907902932194466,
                    0.3072558756594441
                ],
                [
                    -0.9865997106450536,
                    0.09872900803011912,
                    0.12989839848314277,
                    -0.1683930677223151
                ],
                [
                    -0.14661299380316606,
                    -0.18711142106329542,
                    -0.9713361653700264,
                    0.8569130388982098
                ],
                [
                    0.0,
                    0.0,
                    0.0,
                    1.0
                ]
            ],
            "position": [
                0.3072558756594441,
                -0.1683930677223151,
                0.8569130388982098
            ],
            "quaternion": [
                0.671007343302456,
                -0.7317182993571341,
                0.01954737909351762,
                -0.11810900247692475
            ]
        },
        {
            "camera": "camera_depth",
            "file_path": "./train/d_6.jpg",
            "rotation": 0.1,
            "transform_matrix": [
                [
                    -0.05310250320607503,
                    -0.9973339677041659,
                    0.0500507843766171,
                    0.347326791549664
                ],
                [
                    -0.955614434374221,
                    0.06529883405475544,
                    0.28729273413493617,
                    -0.21510220974350458
                ],
                [
                    -0.289795060290693,
                    -0.03257328866656453,
                    -0.9565342669745597,
                    0.7767598071355812
                ],
                [
                    0.0,
                    0.0,
                    0.0,
                    1.0
                ]
            ],
            "position": [
                0.347326791549664,
                -0.21510220974350458,
                0.7767598071355812
            ],
            "quaternion": [
                0.6778868940046663,
                -0.7202298076681944,
                -0.08841553291801448,
                -0.11796371262893626
            ]
        },
        {
            "camera": "camera_depth",
            "file_path": "./train/d_7.jpg",
            "rotation": 0.1,
            "transform_matrix": [
                [
                    -0.07331299497802928,
                    -0.983839610091055,
                    0.16335490927190424,
                    0.37376605734616797
                ],
                [
                    -0.8826890165590969,
                    0.1402506069976704,
                    0.4485419348095775,
                    -0.25799900204605375
                ],
                [
                    -0.4642039474339762,
                    -0.11130763160118748,
                    -0.8787066099296443,
                    0.7689047664138206
                ],
                [
                    0.0,
                    0.0,
                    0.0,
                    1.0
                ]
            ],
            "position": [
                0.37376605734616797,
                -0.25799900204605375,
                0.7689047664138206
            ],
            "quaternion": [
                0.6452002824714795,
                -0.7232320535853276,
                -0.11657129956780893,
                -0.2169273730029989
            ]
        },
        {
            "camera": "camera_depth",
            "file_path": "./train/d_8.jpg",
            "rotation": 0.1,
            "transform_matrix": [
                [
                    -0.22874017047472545,
                    -0.9734873587117523,
                    0.0005448298905953441,
                    0.38400192690975143
                ],
                [
                    -0.8053656921300021,
                    0.18955098962820754,
                    0.5616551649107573,
                    -0.2905992282705684
                ],
                [
                    -0.5468674760407282,
                    0.12803431086776426,
                    -0.8273712461099071,
                    0.6495879898704368
                ],
                [
                    0.0,
                    0.0,
                    0.0,
                    1.0
                ]
            ],
            "position": [
                0.38400192690975143,
                -0.2905992282705684,
                0.6495879898704368
            ],
            "quaternion": [
                0.5935217224392151,
                -0.7492746063097973,
                -0.23011776347605822,
                -0.18264639372377514
            ]
        },
        {
            "camera": "camera_depth",
            "file_path": "./train/d_9.jpg",
            "rotation": 0.1,
            "transform_matrix": [
                [
                    -0.19019866815912476,
                    -0.9814024028201963,
                    0.025957472319934616,
                    0.3747777822641069
                ],
                [
                    -0.7367392944561456,
                    0.16015777629375774,
                    0.6569358406244094,
                    -0.32583704929225477
                ],
                [
                    -0.6488757035324684,
                    0.10582443210990422,
                    -0.7534995095777172,
                    0.5762487552840609
                ],
                [
                    0.0,
                    0.0,
                    0.0,
                    1.0
                ]
            ],
            "position": [
                0.3747777822641069,
                -0.32583704929225477,
                0.5762487552840609
            ],
            "quaternion": [
                -0.5922700297639392,
                0.7252317026517819,
                0.262935269047511,
                0.23262543815879005
            ]
        },
        {
            "camera": "camera_depth",
            "file_path": "./train/d_10.jpg",
            "rotation": 0.1,
            "transform_matrix": [
                [
                    -0.19407091166415108,
                    -0.979193232139008,
                    -0.059305104156454014,
                    0.3765377563837471
                ],
                [
                    -0.6749078802501418,
                    0.0894011501436604,
                    0.7324662364431898,
                    -0.30361912069297703
                ],
                [
                    -0.7119240369745254,
                    0.1821758724039858,
                    -0.6782153913704267,
                    0.5016998618418173
                ],
                [
                    0.0,
                    0.0,
                    0.0,
                    1.0
                ]
            ],
            "position": [
                0.3765377563837471,
                -0.30361912069297703,
                0.5016998618418173
            ],
            "quaternion": [
                -0.5904945944780626,
                0.7002992915493946,
                0.3265164487896246,
                0.2329772643260577
            ]
        },
        {
            "camera": "camera_depth",
            "file_path": "./train/d_11.jpg",
            "rotation": 0.1,
            "transform_matrix": [
                [
                    -0.2639373857447451,
                    -0.9486018554055617,
                    -0.17461837339568528,
                    0.42951102821404175
                ],
                [
                    -0.8435914650171781,
                    0.1392528622871473,
                    0.5186155420877857,
                    -0.2613829873102196
                ],
                [
                    -0.4676435571633597,
                    0.2841885998170269,
                    -0.8369864653491338,
                    0.6126770890612259
                ],
                [
                    0.0,
                    0.0,
                    0.0,
                    1.0
                ]
            ],
            "position": [
                0.42951102821404175,
                -0.2613829873102196,
                0.6126770890612259
            ],
            "quaternion": [
                0.5987044621434211,
                -0.7483588846177839,
                -0.2681867053673977,
                -0.09788870600227503
            ]
        },
        {
            "camera": "camera_depth",
            "file_path": "./train/d_12.jpg",
            "rotation": 0.1,
            "transform_matrix": [
                [
                    -0.18142042627383698,
                    -0.9606866287176019,
                    -0.21016143874133386,
                    0.4434255354693079
                ],
                [
                    -0.9056247898525533,
                    0.07991183587929666,
                    0.41648269890947304,
                    -0.2181389176540477
                ],
                [
                    -0.3833149735336955,
                    0.26588587756706555,
                    -0.8845192655760831,
                    0.6669702740772636
                ],
                [
                    0.0,
                    0.0,
                    0.0,
                    1.0
                ]
            ],
            "position": [
                0.4434255354693079,
                -0.2181389176540477,
                0.6669702740772636
            ],
            "quaternion": [
                0.6370199859637939,
                -0.7324341996051863,
                -0.23290990811289344,
                -0.059101745402982
            ]
        },
        {
            "camera": "camera_depth",
            "file_path": "./train/d_13.jpg",
            "rotation": 0.1,
            "transform_matrix": [
                [
                    -0.10920337118045088,
                    -0.9307031720525157,
                    -0.3490934391451804,
                    0.49682745992320015
                ],
                [
                    -0.9519974930342484,
                    -0.0031080687949554126,
                    0.3060900409436282,
                    -0.14199974741891563
                ],
                [
                    -0.28596397846465,
                    0.3657621432567221,
                    -0.8856876749627479,
                    0.6423835146613764
                ],
                [
                    0.0,
                    0.0,
                    0.0,
                    1.0
                ]
            ],
            "position": [
                0.49682745992320015,
                -0.14199974741891563,
                0.6423835146613764
            ],
            "quaternion": [
                0.667004935745267,
                -0.705650718386216,
                -0.238024414216808,
                0.022365563812508676
            ]
        },
        {
            "camera": "camera_depth",
            "file_path": "./train/d_14.jpg",
            "rotation": 0.1,
            "transform_matrix": [
                [
                    0.02341628215213845,
                    -0.8375485867401505,
                    -0.5458608271159858,
                    0.5368894839621171
                ],
                [
                    -0.9902297134778525,
                    -0.0945095664715416,
                    0.10253319653132556,
                    -0.032333658298249385
                ],
                [
                    -0.1374656039732908,
                    0.538126664173908,
                    -0.8315785597460534,
                    0.6032656779850429
                ],
                [
                    0.0,
                    0.0,
                    0.0,
                    1.0
                ]
            ],
            "position": [
                0.5368894839621171,
                -0.032333658298249385,
                0.6032656779850429
            ],
            "quaternion": [
                0.6981213030110776,
                -0.6545309480118717,
                -0.2447005179397784,
                0.15598686410155566
            ]
        },
        {
            "camera": "camera_depth",
            "file_path": "./train/d_15.jpg",
            "rotation": 0.1,
            "transform_matrix": [
                [
                    0.09827422997758138,
                    -0.7871325833116711,
                    -0.6089043209005897,
                    0.5513296345066065
                ],
                [
                    -0.9950040645903915,
                    -0.06690951821599524,
                    -0.074094721949024,
                    0.032360694080829255
                ],
                [
                    0.017580875146398944,
                    0.6131438759876822,
                    -0.7897756011474956,
                    0.592236725908597
                ],
                [
                    0.0,
                    0.0,
                    0.0,
                    1.0
                ]
            ],
            "position": [
                0.5513296345066065,
                0.032360694080829255,
                0.592236725908597
            ],
            "quaternion": [
                0.6990973331879091,
                -0.6372955930488803,
                -0.2114584347329656,
                0.24575788301853216
            ]
        },
        {
            "camera": "camera_depth",
            "file_path": "./train/d_16.jpg",
            "rotation": 0.1,
            "transform_matrix": [
                [
                    0.23133098038984773,
                    -0.8121906360015858,
                    -0.5355673144462904,
                    0.5452202423114698
                ],
                [
                    -0.9659776464413719,
                    -0.1263180709391874,
                    -0.2256788238399667,
                    0.09879159997648565
                ],
                [
                    0.11564239744773588,
                    0.5695525574918808,
                    -0.8137792822178493,
                    0.6123379488610308
                ],
                [
                    0.0,
                    0.0,
                    0.0,
                    1.0
                ]
            ],
            "position": [
                0.5452202423114698,
                0.09879159997648565,
                0.6123379488610308
            ],
            "quaternion": [
                0.736786279831545,
                -0.6033494053177357,
                -0.14248451704531234,
                0.2698295688625092
            ]
        },
        {
            "camera": "camera_depth",
            "file_path": "./train/d_17.jpg",
            "rotation": 0.1,
            "transform_matrix": [
                [
                    0.13846193190598904,
                    -0.8477897817070894,
                    -0.5119382574548486,
                    0.5391204520059676
                ],
                [
                    -0.9812479039344455,
                    -0.04744785398364455,
                    -0.1868187682664775,
                    0.04494331767824694
                ],
                [
                    0.13409267107906517,
                    0.5282056296418965,
                    -0.8384616678044913,
                    0.637330697651497
                ],
                [
                    0.0,
                    0.0,
                    0.0,
                    1.0
                ]
            ],
            "position": [
                0.5391204520059676,
                0.04494331767824694,
                0.637330697651497
            ],
            "quaternion": [
                0.711400034792545,
                -0.6427562840939305,
                -0.13278164084137323,
                0.25127225570253164
            ]
        },
        {
            "camera": "camera_depth",
            "file_path": "./train/d_18.jpg",
            "rotation": 0.1,
            "transform_matrix": [
                [
                    0.205201096078649,
                    -0.8971080164490821,
                    -0.39126681048986833,
                    0.49397000524439255
                ],
                [
                    -0.9740277801219333,
                    -0.1480898654626781,
                    -0.17128711363667978,
                    0.04666656447274001
                ],
                [
                    0.09572039343243452,
                    0.4162530463192303,
                    -0.9041963325025713,
                    0.7068902610806254
                ],
                [
                    0.0,
                    0.0,
                    0.0,
                    1.0
                ]
            ],
            "position": [
                0.49397000524439255,
                0.04666656447274001,
                0.7068902610806254
            ],
            "quaternion": [
                0.7512447277338868,
                -0.62267500054456,
                -0.09835168871197206,
                0.1955211214979352
            ]
        },
        {
            "camera": "camera_depth",
            "file_path": "./train/d_19.jpg",
            "rotation": 0.1,
            "transform_matrix": [
                [
                    0.21662657799803825,
                    -0.9587291409703783,
                    -0.1841503732254163,
                    0.4338935085086153
                ],
                [
                    -0.9729638944800142,
                    -0.19654617590628937,
                    -0.12128833734080796,
                    0.027117491629471968
                ],
                [
                    0.08008861181930674,
                    0.2054459417725601,
                    -0.9753859642551977,
                    0.8015333604765633
                ],
                [
                    0.0,
                    0.0,
                    0.0,
                    1.0
                ]
            ],
            "position": [
                0.4338935085086153,
                0.027117491629471968,
                0.8015333604765633
            ],
            "quaternion": [
                0.7727459557932652,
                -0.6249408773708084,
                -0.03366603662197442,
                0.10570499727904133
            ]
        },
        {
            "camera": "camera_depth",
            "file_path": "./train/d_20.jpg",
            "rotation": 0.1,
            "transform_matrix": [
                [
                    0.36636140489990654,
                    -0.9277652005685757,
                    -0.07092992044065359,
                    0.39845718064394015
                ],
                [
                    -0.8912548575570511,
                    -0.32800078406411637,
                    -0.3131776884362701,
                    0.15871961625086173
                ],
                [
                    0.2672902914075392,
                    0.17795285405768485,
                    -0.9470420697371355,
                    0.8164403454953575
                ],
                [
                    0.0,
                    0.0,
                    0.0,
                    1.0
                ]
            ],
            "position": [
                0.39845718064394015,
                0.15871961625086173,
                0.8164403454953575
            ],
            "quaternion": [
                0.8126175858750416,
                -0.5596143352245426,
                0.060409492447438,
                0.15109437128990805
            ]
        },
        {
            "camera": "camera_depth",
            "file_path": "./train/d_21.jpg",
            "rotation": 0.1,
            "transform_matrix": [
                [
                    0.42369447455085707,
                    -0.9006026105218511,
                    -0.0969429221568038,
                    0.3831693216735812
                ],
                [
                    -0.8095554926410341,
                    -0.3284891861738888,
                    -0.4865334098513159,
                    0.22187971564917422
                ],
                [
                    0.40632855741358564,
                    0.2846221925431027,
                    -0.8682668431664029,
                    0.7901477770615
                ],
                [
                    0.0,
                    0.0,
                    0.0,
                    1.0
                ]
            ],
            "position": [
                0.3831693216735812,
                0.22187971564917422,
                0.7901477770615
            ],
            "quaternion": [
                0.8093879982499658,
                -0.5282227013082571,
                0.09556105701517291,
                0.2381896122191332
            ]
        },
        {
            "camera": "camera_depth",
            "file_path": "./train/d_22.jpg",
            "rotation": 0.1,
            "transform_matrix": [
                [
                    0.4038877217694891,
                    -0.908501254800287,
                    -0.10723888394680209,
                    0.3760662067423536
                ],
                [
                    -0.7077860892294333,
                    -0.23606419494498182,
                    -0.665817202960604,
                    0.29232268526039534
                ],
                [
                    0.5795805035516259,
                    0.3448175835007279,
                    -0.7383679800828054,
                    0.7492771088070938
                ],
                [
                    0.0,
                    0.0,
                    0.0,
                    1.0
                ]
            ],
            "position": [
                0.3760662067423536,
                0.29232268526039534,
                0.7492771088070938
            ],
            "quaternion": [
                0.7710879465331961,
                -0.5240252544637829,
                0.1531404290960666,
                0.3276633657385194
            ]
        },
        {
            "camera": "camera_depth",
            "file_path": "./train/d_23.jpg",
            "rotation": 0.1,
            "transform_matrix": [
                [
                    0.44425094170337576,
                    -0.8875407559592773,
                    -0.12211677733587162,
                    0.3901910880668719
                ],
                [
                    -0.5821973884516557,
                    -0.18239804349802802,
                    -0.7923238950127429,
                    0.363911701241632
                ],
                [
                    0.6809458874798615,
                    0.4230867053445746,
                    -0.5977544128527518,
                    0.674223019525042
                ],
                [
                    0.0,
                    0.0,
                    0.0,
                    1.0
                ]
            ],
            "position": [
                0.3901910880668719,
                0.363911701241632,
                0.674223019525042
            ],
            "quaternion": [
                0.7457195944801092,
                -0.49272201885720435,
                0.18734453371398357,
                0.4074600411140078
            ]
        },
        {
            "camera": "camera_depth",
            "file_path": "./train/d_24.jpg",
            "rotation": 0.1,
            "transform_matrix": [
                [
                    0.6404392627196357,
                    -0.751867103947452,
                    -0.15663144246542826,
                    0.43790053689943426
                ],
                [
                    -0.4940991718026706,
                    -0.24723300069387574,
                    -0.8335117586404027,
                    0.33829007999628136
                ],
                [
                    0.5879656105513693,
                    0.6112051221722322,
                    -0.5298346340504574,
                    0.5729804077810097
                ],
                [
                    0.0,
                    0.0,
                    0.0,
                    1.0
                ]
            ],
            "position": [
                0.43790053689943426,
                0.33829007999628136,
                0.5729804077810097
            ],
            "quaternion": [
                0.7774145073320671,
                -0.4006740412739975,
                0.13870712845939942,
                0.46458765569996263
            ]
        },
        {
            "camera": "camera_depth",
            "file_path": "./train/d_25.jpg",
            "rotation": 0.1,
            "transform_matrix": [
                [
                    0.47860317201162217,
                    -0.8510778303043022,
                    -0.21588314085387705,
                    0.46880065639046015
                ],
                [
                    -0.709808693490206,
                    -0.23030487411559367,
                    -0.6656810674822644,
                    0.30619586092472684
                ],
                [
                    0.5168274590094263,
                    0.47183280060114713,
                    -0.7143270860682366,
                    0.5860223116445427
                ],
                [
                    0.0,
                    0.0,
                    0.0,
                    1.0
                ]
            ],
            "position": [
                0.46880065639046015,
                0.30619586092472684,
                0.5860223116445427
            ],
            "quaternion": [
                0.7783349965263507,
                -0.5013515159690396,
                0.09666230557412184,
                0.36536563901714114
            ]
        },
        {
            "camera": "camera_depth",
            "file_path": "./train/d_26.jpg",
            "rotation": 0.1,
            "transform_matrix": [
                [
                    0.378032836328315,
                    -0.8672675697313078,
                    -0.3239415644061763,
                    0.5315775570937614
                ],
                [
                    -0.6815362011588829,
                    -0.02388418179318993,
                    -0.7313945257998512,
                    0.24431589503204976
                ],
                [
                    0.6265776736905716,
                    0.49726905026597173,
                    -0.6001032498496327,
                    0.566868152964139
                ],
                [
                    0.0,
                    0.0,
                    0.0,
                    1.0
                ]
            ],
            "position": [
                0.5315775570937614,
                0.24431589503204976,
                0.566868152964139
            ],
            "quaternion": [
                0.707461832597609,
                -0.5473069237198442,
                0.1069437207553961,
                0.43417771491911294
            ]
        },
        {
            "camera": "camera_depth",
            "file_path": "./train/d_27.jpg",
            "rotation": 0.1,
            "transform_matrix": [
                [
                    0.4524549373988721,
                    -0.7721909213455704,
                    -0.44610056110126334,
                    0.5175758378275512
                ],
                [
                    -0.7614623921129915,
                    -0.07415167103093925,
                    -0.6439538454585705,
                    0.21046743212846727
                ],
                [
                    0.4641762111751783,
                    0.6310488972138362,
                    -0.6215446358100583,
                    0.575729883500367
                ],
                [
                    0.0,
                    0.0,
                    0.0,
                    1.0
                ]
            ],
            "position": [
                0.5175758378275512,
                0.21046743212846727,
                0.575729883500367
            ],
            "quaternion": [
                0.7328265706405953,
                -0.5231949571833432,
                0.006166379900524099,
                0.43495814830328583
            ]
        },
        {
            "camera": "camera_depth",
            "file_path": "./train/d_28.jpg",
            "rotation": 0.1,
            "transform_matrix": [
                [
                    0.5096000073592364,
                    -0.772141696239775,
                    -0.37961168768549447,
                    0.5123412079188163
                ],
                [
                    -0.8290840971145356,
                    -0.32270028760656294,
                    -0.45660057412405564,
                    0.17594928458452497
                ],
                [
                    0.23005954101328163,
                    0.5474136692727035,
                    -0.8046184700105719,
                    0.6371639590932785
                ],
                [
                    0.0,
                    0.0,
                    0.0,
                    1.0
                ]
            ],
            "position": [
                0.5123412079188163,
                0.17594928458452497,
                0.6371639590932785
            ],
            "quaternion": [
                0.8119273204947275,
                -0.49302958633875815,
                -0.046048242112946655,
                0.30914361307105964
            ]
        },
        {
            "camera": "camera_depth",
            "file_path": "./train/d_29.jpg",
            "rotation": 0.1,
            "transform_matrix": [
                [
                    0.41527498902384946,
                    -0.7598247951999774,
                    -0.5002129187561577,
                    0.5235983339874349
                ],
                [
                    -0.8814596851340394,
                    -0.20015739863734108,
                    -0.42774506338955365,
                    0.13580742167464066
                ],
                [
                    0.22488998860474482,
                    0.6185493483708842,
                    -0.752875286256172,
                    0.6171127598917637
                ],
                [
                    0.0,
                    0.0,
                    0.0,
                    1.0
                ]
            ],
            "position": [
                0.5235983339874349,
                0.13580742167464066,
                0.6171127598917637
            ],
            "quaternion": [
                0.7694631763014044,
                -0.53325333670142,
                -0.0894524215227907,
                0.3399410601444041
            ]
        },
        {
            "camera": "camera_depth",
            "file_path": "./train/d_30.jpg",
            "rotation": 0.1,
            "transform_matrix": [
                [
                    0.3041202337742622,
                    -0.7777392591157944,
                    -0.5501204670243628,
                    0.5429358576105874
                ],
                [
                    -0.9346311484856068,
                    -0.13185973931775494,
                    -0.33026901978164547,
                    0.042977520467245345
                ],
                [
                    0.18432444137868256,
                    0.6146012154048092,
                    -0.767000551716469,
                    0.6211476066732678
                ],
                [
                    0.0,
                    0.0,
