{
    "cameras": {
        "camera_rgb": {
            "w": 1920,
            "h": 1080,
            "near": 0.1,
            "far": 2.0,
            "camera_angle_x": [
                0.0
            ],
            "types": [
                "color"
            ]
        }
    },
    "frames": [
        {
            "camera": "camera_rgb",
            "file_path": "./train/c_0.jpg",
            "rotation": 0.1,
            "transform_matrix": [
                [
                    -0.4714942093023847,
                    -0.8551043747288084,
                    -0.21561474651324924,
                    0.4588279719215058
                ],
                [
                    -0.1555189872442434,
                    0.32129064966412946,
                    -0.9341232054953601,
                    0.055538017785945144
                ],
                [
                    0.8680478415391886,
                    -0.406901495153379,
                    -0.2844716471655845,
                    0.32537389486012336
                ],
                [
                    0.0,
                    0.0,
                    0.0,
                    1.0
                ]
            ],
            "position": [
                0.4588279719215058,
                0.055538017785945144,
                0.32537389486012336
            ],
            "quaternion": [
                -0.3506009182518017,
                0.7206324986121415,
                -0.4652222669065236,
                -0.37593935856040445
            ]
        },
        {
            "camera": "camera_rgb",
            "file_path": "./train/c_1.jpg",
            "rotation": 0.1,
            "transform_matrix": [
                [
                    -0.4830972336195866,
                    -0.8469826303602976,
                    -0.22189521566958836,
                    0.4607179049962905
                ],
                [
                    -0.15641824538813526,
                    0.33284030375167045,
                    -0.9299197087427453,
                    0.05113655692003129
                ],
                [
                    0.8614815119193209,
                    -0.41453317848689347,
                    -0.29327776689472007,
                    0.3321406931956083
                ],
                [
                    0.0,
                    0.0,
                    0.0,
                    1.0
                ]
            ],
            "position": [
                0.4607179049962905,
                0.05113655692003129,
                0.3321406931956083
            ],
            "quaternion": [
                -0.3454480922448589,
                0.7261548406053197,
                -0.4628645402169378,
                -0.3729819584310357
            ]
        },
        {
            "camera": "camera_rgb",
            "file_path": "./train/c_2.jpg",
            "rotation": 0.1,
            "transform_matrix": [
                [
                    -0.5005399505781717,
                    -0.8310631880347912,
                    -0.2424741952634364,
                    0.467323396656289
                ],
                [
                    -0.14933218099330503,
                    0.3587729163798672,
                    -0.9214021348966301,
                    0.041714778706667295
                ],
                [
                    0.8527365698707805,
                    -0.4249893786504955,
                    -0.3036846562460499,
                    0.33895849612976137
                ],
                [
                    0.0,
                    0.0,
                    0.0,
                    1.0
                ]
            ],
            "position": [
                0.467323396656289,
                0.041714778706667295,
                0.33895849612976137
            ],
            "quaternion": [
                -0.3333051467574941,
                0.7353545617237349,
                -0.4577329057161313,
                -0.37233895256494853
            ]
        },
        {
            "camera": "camera_rgb",
            "file_path": "./train/c_3.jpg",
            "rotation": 0.1,
            "transform_matrix": [
                [
                    -0.5135119039636725,
                    -0.8211495834055229,
                    -0.24903591339511666,
                    0.46071416747285043
                ],
                [
                    -0.1290071121675866,
                    0.36080527211716673,
                    -0.9236756576973527,
                    0.03683180216282273
                ],
                [
                    0.8483293520194758,
                    -0.4421910416159439,
                    -0.2912119386577805,
                    0.35279656208974547
                ],
                [
                    0.0,
                    0.0,
                    0.0,
                    1.0
                ]
            ],
            "position": [
                0.46071416747285043,
                0.03683180216282273,
                0.35279656208974547
            ],
            "quaternion": [
                -0.32283603100314157,
                0.735784768639953,
                -0.46408238361115367,
                -0.3728532867239021
            ]
        },
        {
            "camera": "camera_rgb",
            "file_path": "./train/c_4.jpg",
            "rotation": 0.1,
            "transform_matrix": [
                [
                    -0.5367803055811078,
                    -0.807097742861874,
                    -0.24588643111713515,
                    0.4576868309197795
                ],
                [
                    -0.13017066232756452,
                    0.3671616896777629,
                    -0.9210037417416791,
                    0.03297978045298744
                ],
                [
                    0.8336201186448515,
                    -0.46236947033756326,
                    -0.3021456117343181,
                    0.3660524771732974
                ],
                [
                    0.0,
                    0.0,
                    0.0,
                    1.0
                ]
            ],
            "position": [
                0.4576868309197795,
                0.03297978045298744,
                0.3660524771732974
            ],
            "quaternion": [
                -0.31551599442645234,
                0.742643111896686,
                -0.46568984109080064,
                -0.3633981265688565
            ]
        },
        {
            "camera": "camera_rgb",
            "file_path": "./train/c_5.jpg",
            "rotation": 0.1,
            "transform_matrix": [
                [
                    -0.5318677642643691,
                    -0.8183416332549547,
                    -0.2177926826549374,
                    0.44061843495359654
                ],
                [
                    -0.1319318627181268,
                    0.33412142985372395,
                    -0.9332506917823464,
                    0.0377086048932323
                ],
                [
                    0.8364870978898278,
                    -0.46763216462740886,
                    -0.28567375390423466,
                    0.3695109481861527
                ],
                [
                    0.0,
                    0.0,
                    0.0,
                    1.0
                ]
            ],
            "position": [
                0.44061843495359654,
                0.0377086048932323,
                0.3695109481861527
            ],
            "quaternion": [
                -0.32391441505922164,
                0.7334253224642134,
                -0.4775111090894945,
                -0.3593664559424856
            ]
        },
        {
            "camera": "camera_rgb",
            "file_path": "./train/c_6.jpg",
            "rotation": 0.1,
            "transform_matrix": [
                [
                    -0.5097322660285988,
                    -0.8341806703553208,
                    -0.21051276962430937,
                    0.4395069782563543
                ],
                [
                    -0.13662649823234385,
                    0.32007049032675766,
                    -0.9374903099247247,
                    0.04232149212261285
                ],
                [
                    0.8494152205783208,
                    -0.44910743751082155,
                    -0.27712144020689966,
                    0.3574613701798172
                ],
                [
                    0.0,
                    0.0,
                    0.0,
                    1.0
                ]
            ],
            "position": [
                0.4395069782563543,
                0.04232149212261285,
                0.3574613701798172
            ],
            "quaternion": [
                -0.3344084932256377,
                0.7257603453196975,
                -0.4776335388052017,
                -0.3651074421370355
            ]
        },
        {
            "camera": "camera_rgb",
            "file_path": "./train/c_7.jpg",
            "rotation": 0.1,
            "transform_matrix": [
                [
                    -0.4945718380749205,
                    -0.846534084459301,
                    -0.19692318510487156,
                    0.44028574170114887
                ],
                [
                    -0.1485456704843403,
                    0.3055694834176376,
                    -0.9405112836028262,
                    0.04984409747638202
                ],
                [
                    0.856348574333812,
                    -0.43589830769633764,
                    -0.27687503423731896,
                    0.3486692164319688
                ],
                [
                    0.0,
                    0.0,
                    0.0,
                    1.0
                ]
            ],
            "position": [
                0.44028574170114887,
                0.04984409747638202,
                0.3486692164319688
            ],
            "quaternion": [
                -0.345228556315947,
                0.7205908414585788,
                -0.47752543828061866,
                -0.3654174322338299
            ]
        },
        {
            "camera": "camera_rgb",
            "file_path": "./train/c_8.jpg",
            "rotation": 0.1,
            "transform_matrix": [
                [
                    -0.46741155194106404,
                    -0.8624296434933953,
                    -0.1942718485419363,
                    0.4408457073372451
                ],
                [
                    -0.14661885663650825,
                    0.29233688706900735,
                    -0.9450090239449598,
                    0.05614105977232566
                ],
                [
                    0.8717966230667844,
                    -0.4132242181705441,
                    -0.26309008633297737,
                    0.3358489777454766
                ],
                [
                    0.0,
                    0.0,
                    0.0,
                    1.0
                ]
            ],
            "position": [
                0.4408457073372451,
                0.05614105977232566,
                0.3358489777454766
            ],
            "quaternion": [
                -0.35473187371473225,
                0.711130634677032,
                -0.4774880720354283,
                -0.3747772940480834
            ]
        },
        {
            "camera": "camera_rgb",
            "file_path": "./train/c_9.jpg",
            "rotation": 0.1,
            "transform_matrix": [
                [
                    -0.45780639324664496,
                    -0.8670278560780549,
                    -0.19666215468968823,
                    0.4489247210863994
                ],
                [
                    -0.15732452028616045,
                    0.29671886602904607,
                    -0.9419166151306424,
                    0.058078422539495606
                ],
                [
                    0.8750213149513721,
                    -0.40027566916704943,
                    -0.2722445353972105,
                    0.32577939552520857
                ],
                [
                    0.0,
                    0.0,
                    0.0,
                    1.0
                ]
            ],
            "position": [
                0.4489247210863994,
                0.058078422539495606,
                0.32577939552520857
            ],
            "quaternion": [
                -0.35976254552066445,
                0.7118213198313129,
                -0.47139102121382215,
                -0.37638568711964426
            ]
        },
        {
            "camera": "camera_rgb",
            "file_path": "./train/c_10.jpg",
            "rotation": 0.1,
            "transform_matrix": [
                [
                    -0.4762279756492714,
                    -0.8555238431587474,
                    -0.20318924429182705,
                    0.45279442432919353
                ],
                [
                    -0.15641613458486991,
                    0.30980973227213043,
                    -0.9378442955155182,
                    0.05563731216439766
                ],
                [
                    0.8652981613585717,
                    -0.41484561414622395,
                    -0.2813577942284833,
                    0.33458398584280563
                ],
                [
                    0.0,
                    0.0,
                    0.0,
                    1.0
                ]
            ],
            "position": [
                0.45279442432919353,
                0.05563731216439766,
                0.33458398584280563
            ],
            "quaternion": [
                -0.3518939091315081,
                0.7189199962181342,
                -0.4703869306705224,
                -0.3715578179552495
            ]
        },
        {
            "camera": "camera_rgb",
            "file_path": "./train/c_11.jpg",
            "rotation": 0.1,
            "transform_matrix": [
                [
                    -0.4540128602716181,
                    -0.86872537158581,
                    -0.19796098471941503,
                    0.4468007971127633
                ],
                [
                    -0.1485858717556977,
                    0.29288902343582607,
                    -0.9445307081643282,
                    0.058458918721062236
                ],
                [
                    0.8785183899171283,
                    -0.39941488293991306,
                    -0.26205569992563027,
                    0.3261343317493239
                ],
                [
                    0.0,
                    0.0,
                    0.0,
                    1.0
                ]
            ],
            "position": [
                0.4468007971127633,
                0.058458918721062236,
                0.3261343317493239
            ],
            "quaternion": [
                -0.35887007091761225,
                0.7086865059515071,
                -0.4740946811958948,
                -0.3797424161441989
            ]
        },
        {
            "camera": "camera_rgb",
            "file_path": "./train/c_12.jpg",
            "rotation": 0.1,
            "transform_matrix": [
                [
                    -0.8516085134395062,
                    -0.5148204273291946,
                    0.09860460152518,
                    0.38064948832969225
                ],
                [
                    -0.35513663652394356,
                    0.42831448857327775,
                    -0.830917967236641,
                    0.019217470929273766
                ],
                [
                    0.38553976349504404,
                    -0.7426349214000084,
                    -0.5475878598740009,
                    0.40217173633722475
                ],
                [
                    0.0,
                    0.0,
                    0.0,
                    1.0
                ]
            ],
            "position": [
                0.38064948832969225,
                0.019217470929273766,
                0.40217173633722475
            ],
            "quaternion": [
                -0.2586809562307121,
                0.8407578303531926,
                -0.467894546552982,
                -0.08531991423327177
            ]
        },
        {
            "camera": "camera_rgb",
            "file_path": "./train/c_13.jpg",
            "rotation": 0.1,
            "transform_matrix": [
                [
                    -0.8722054573409035,
                    -0.4782498986972483,
                    0.10263856283492152,
                    0.3834515938941289
                ],
                [
                    -0.3472847689237003,
                    0.45770339005672084,
                    -0.8184747375479573,
                    0.01262748789190335
                ],
                [
                    0.34445744215847407,
                    -0.749522942361778,
                    -0.5653003002077613,
                    0.417287321677596
                ],
                [
                    0.0,
                    0.0,
                    0.0,
                    1.0
                ]
            ],
            "position": [
                0.3834515938941289,
                0.01262748789190335,
                0.417287321677596
            ],
            "quaternion": [
                -0.24258510125748323,
                0.8507633074422589,
                -0.46075942158622146,
                -0.07105898713584989
            ]
        },
        {
            "camera": "camera_rgb",
            "file_path": "./train/c_14.jpg",
            "rotation": 0.1,
            "transform_matrix": [
                [
                    -0.8832519929721212,
                    -0.45732704451138256,
                    0.10352724892152965,
                    0.37245823355962127
                ],
                [
                    -0.33746214379506406,
                    0.4666894278292248,
                    -0.817508580663023,
                    0.0024979489448319486
                ],
                [
                    0.32555371049339304,
                    -0.7570026105046895,
                    -0.5665349320854537,
                    0.4223728406459518
                ],
                [
                    0.0,
                    0.0,
                    0.0,
                    1.0
                ]
            ],
            "position": [
                0.37245823355962127,
                0.0024979489448319486,
                0.4223728406459518
            ],
            "quaternion": [
                -0.23269738389500516,
                0.853882296706249,
                -0.46098341609154886,
                -0.06500462955884731
            ]
        },
        {
            "camera": "camera_rgb",
            "file_path": "./train/c_15.jpg",
            "rotation": 0.1,
            "transform_matrix": [
                [
                    -0.870170770247677,
                    -0.4802270926785331,
                    0.11038464596169567,
                    0.36659840769985896
                ],
                [
                    -0.35492180986454863,
                    0.45544823080979635,
                    -0.8164541738117945,
                    0.003178520773414892
                ],
                [
                    0.34180892248307165,
                    -0.749632475623722,
                    -0.5667608066911578,
                    0.4084804198473796
                ],
                [
                    0.0,
                    0.0,
                    0.0,
                    1.0
                ]
            ],
            "position": [
                0.36659840769985896,
                0.003178520773414892,
                0.4084804198473796
            ],
            "quaternion": [
                -0.24553026585586402,
                0.8503475020923228,
                -0.4604228901197483,
                -0.06803776424391966
            ]
        },
        {
            "camera": "camera_rgb",
            "file_path": "./train/c_16.jpg",
            "rotation": 0.1,
            "transform_matrix": [
                [
                    -0.8635404532952808,
                    -0.4436519003409081,
                    0.2397308425015055,
                    0.3799812468302402
                ],
                [
                    -0.46333632255863183,
                    0.5103980018096288,
                    -0.7244400126625955,
                    0.006472125134710391
                ],
                [
                    0.19904104531584488,
                    -0.736659263888427,
                    -0.6463093618437973,
                    0.4189482812011238
                ],
                [
                    0.0,
                    0.0,
                    0.0,
                    1.0
                ]
            ],
            "position": [
                0.3799812468302402,
                0.006472125134710391,
                0.4189482812011238
            ],
            "quaternion": [
                -0.2609450951854706,
                0.8689405597328069,
                -0.4203656455165006,
                0.01170666027585869
            ]
        },
        {
            "camera": "camera_rgb",
            "file_path": "./train/c_17.jpg",
            "rotation": 0.1,
            "transform_matrix": [
                [
                    -0.7985880918515968,
                    -0.5069078562445618,
                    0.32450190266062917,
                    0.3871776085926078
                ],
                [
                    -0.5528715167833645,
                    0.4047222936735337,
                    -0.7283769291605109,
                    0.026431528200274466
                ],
                [
                    0.23788683335251604,
                    -0.7610810011300877,
                    -0.6034613195858834,
                    0.4032452107187052
                ],
                [
                    0.0,
                    0.0,
                    0.0,
                    1.0
                ]
            ],
            "position": [
                0.3871776085926078,
                0.026431528200274466,
                0.4032452107187052
            ],
            "quaternion": [
                -0.3162865305224805,
                0.8376687706629259,
                -0.4445222214363614,
                0.02584988957102999
            ]
        },
        {
            "camera": "camera_rgb",
            "file_path": "./train/c_18.jpg",
            "rotation": 0.1,
            "transform_matrix": [
                [
                    -0.776283946355331,
                    -0.545774597285174,
                    0.3154573245134752,
                    0.3904678383171234
                ],
                [
                    -0.5596461115505194,
                    0.3663537156578272,
                    -0.7433580461998696,
                    0.033810740768471334
                ],
                [
                    0.2901369753364389,
                    -0.7536013826831199,
                    -0.5898351393064951,
                    0.3866620890970863
                ],
                [
                    0.0,
                    0.0,
                    0.0,
                    1.0
                ]
            ],
            "position": [
                0.3904678383171234,
                0.033810740768471334,
                0.3866620890970863
            ],
            "quaternion": [
                -0.3343631840869515,
                0.8265073188673471,
                -0.4527942321774414,
                0.007658796786921475
            ]
        },
        {
            "camera": "camera_rgb",
            "file_path": "./train/c_19.jpg",
            "rotation": 0.1,
            "transform_matrix": [
                [
                    -0.7699213041738302,
                    -0.554979399718613,
                    0.3149905574255151,
                    0.39118712715611687
                ],
                [
                    -0.5632393275851793,
                    0.35896643549899343,
                    -0.7442476456439363,
                    0.036588751155318885
                ],
                [
                    0.29997107400658457,
                    -0.7504271877225098,
                    -0.5889621300951542,
                    0.3826560420721267
                ],
                [
                    0.0,
                    0.0,
                    0.0,
                    1.0
                ]
            ],
            "position": [
                0.39118712715611687,
                0.036588751155318885,
                0.3826560420721267
            ],
            "quaternion": [
                -0.33914296248246634,
                0.8242928095455546,
                -0.45331779781413806,
                0.0045552376983832715
            ]
        },
        {
            "camera": "camera_rgb",
            "file_path": "./train/c_20.jpg",
            "rotation": 0.1,
            "transform_matrix": [
                [
                    -0.7702543885302582,
                    -0.5543071741609007,
                    0.3153596892813594,
                    0.40023509288364817
                ],
                [
                    -0.568485723238501,
                    0.37268545894314625,
                    -0.7334367942545118,
                    0.03975273626919381
                ],
                [
                    0.2890193063168569,
                    -0.7442103905254841,
                    -0.6021783250915212,
                    0.384291991655658
                ],
                [
                    0.0,
                    0.0,
                    0.0,
                    1.0
                ]
            ],
            "position": [
                0.40023509288364817,
                0.03975273626919381,
                0.384291991655658
            ],
            "quaternion": [
                -0.33883472664233283,
                0.8284175717145326,
                -0.445922111805665,
                0.007948960562632362
            ]
        },
        {
            "camera": "camera_rgb",
            "file_path": "./train/c_21.jpg",
            "rotation": 0.1,
            "transform_matrix": [
                [
                    -0.7703221936416207,
                    -0.5547653999305647,
                    0.3143868143275749,
                    0.39070672638750586
                ],
                [
                    -0.5657939926149368,
                    0.36727965552527964,
                    -0.7382295121153586,
                    0.03483405087329634
                ],
                [
                    0.2940763096613011,
                    -0.7465527480875762,
                    -0.5968066005155085,
                    0.3811344940151559
                ],
                [
                    0.0,
                    0.0,
                    0.0,
                    1.0
                ]
            ],
            "position": [
                0.39070672638750586,
                0.03483405087329634,
                0.3811344940151559
            ],
            "quaternion": [
                -0.3388222844780932,
                0.8268000105848688,
                -0.4489519437356168,
                0.006141264475323593
            ]
        },
        {
            "camera": "camera_rgb",
            "file_path": "./train/c_22.jpg",
            "rotation": 0.1,
            "transform_matrix": [
                [
                    -0.7591588362863675,
                    -0.5617114478654436,
                    0.32887400417976914,
                    0.3848763226776195
                ],
                [
                    -0.5868497022594968,
                    0.3720895344679663,
                    -0.7191361521279207,
                    0.03260338325843351
                ],
                [
                    0.28157643411029204,
                    -0.7389381758146747,
                    -0.6121152539166238,
                    0.3736761523703135
                ],
                [
                    0.0,
                    0.0,
                    0.0,
                    1.0
                ]
            ],
            "position": [
                0.3848763226776195,
                0.03260338325843351,
                0.3736761523703135
            ],
            "quaternion": [
                -0.3467218523161028,
                0.828152787005779,
                -0.440156130776163,
                0.014277952116659928
            ]
        },
        {
            "camera": "camera_rgb",
            "file_path": "./train/c_23.jpg",
            "rotation": 0.1,
            "transform_matrix": [
                [
                    -0.7899973830286633,
                    -0.4927441977149877,
                    0.36483871837577353,
                    0.3782962427465298
                ],
                [
                    -0.5784894038280274,
                    0.40192109765027484,
                    -0.7097953514375054,
                    0.02245825684501663
                ],
                [
                    0.20311116283099084,
                    -0.7717918028081222,
                    -0.6025639125035879,
                    0.40444553562612445
                ],
                [
                    0.0,
                    0.0,
                    0.0,
                    1.0
                ]
            ],
            "position": [
                0.3782962427465298,
                0.02245825684501663,
                0.40444553562612445
            ],
            "quaternion": [
                -0.32040720815234036,
                0.835832913139376,
                -0.4431444299753423,
                0.04837289875781179
            ]
        },
        {
            "camera": "camera_rgb",
            "file_path": "./train/c_24.jpg",
            "rotation": 0.1,
            "transform_matrix": [
                [
                    -0.8180887487345285,
                    -0.42774366641017403,
                    0.3844036355706796,
                    0.3709540286569356
                ],
                [
                    -0.5618367069733179,
                    0.45177209529785556,
                    -0.6929945805037465,
                    0.0053050157279677275
                ],
                [
                    0.12276120678517377,
                    -0.7829031420017212,
                    -0.6099117611199846,
                    0.4272964588192869
                ],
                [
                    0.0,
                    0.0,
                    0.0,
                    1.0
                ]
            ],
            "position": [
                0.3709540286569356,
                0.0053050157279677275,
                0.4272964588192869
            ],
            "quaternion": [
                -0.2915686023469096,
                0.8484922459510068,
                -0.43485647829349416,
                0.07708996593657924
            ]
        },
        {
            "camera": "camera_rgb",
            "file_path": "./train/c_25.jpg",
            "rotation": 0.1,
            "transform_matrix": [
                [
                    -0.77096039921005,
                    -0.4953864754397503,
                    0.40026529052774745,
                    0.37686387783368536
                ],
                [
                    -0.6113511533254646,
                    0.39947094741673983,
                    -0.6831344885874205,
                    0.02330223468968856
                ],
                [
                    0.17852123172750262,
                    -0.7713722850358017,
                    -0.6108313741951549,
                    0.39894315304018846
                ],
                [
                    0.0,
                    0.0,
                    0.0,
                    1.0
                ]
            ],
            "position": [
                0.37686387783368536,
                0.02330223468968856,
                0.39894315304018846
            ],
            "quaternion": [
                -0.33181227527690715,
                0.8338535598255578,
                -0.4360773406611796,
                0.06648134008214368
            ]
        },
        {
            "camera": "camera_rgb",
            "file_path": "./train/c_26.jpg",
            "rotation": 0.1,
            "transform_matrix": [
                [
                    -0.7464212832847859,
                    -0.527161695586192,
                    0.40614752808085036,
                    0.3801006576682329
                ],
                [
                    -0.6325818129014635,
                    0.3725583740675189,
                    -0.6789996376276387,
                    0.028288903364795732
                ],
                [
                    0.20662893758085227,
                    -0.7637413204867588,
                    -0.6115584007560935,
                    0.3847770362925868
                ],
                [
                    0.0,
                    0.0,
                    0.0,
                    1.0
                ]
            ],
            "position": [
                0.3801006576682329,
                0.028288903364795732,
                0.3847770362925868
            ],
            "quaternion": [
                -0.3509187818038877,
                0.8262146604037245,
                -0.4365490263793678,
                0.0603709528987058
            ]
        },
        {
            "camera": "camera_rgb",
            "file_path": "./train/c_27.jpg",
            "rotation": 0.1,
            "transform_matrix": [
                [
                    -0.726070360452268,
                    -0.5478140171682494,
                    0.4155979237997925,
                    0.3895873384826115
                ],
                [
                    -0.6607203495736079,
                    0.38841844146386756,
                    -0.6423236987610756,
                    0.03595900894060092
                ],
                [
                    0.1904480279027389,
                    -0.7409662049815531,
                    -0.6439709867247067,
                    0.3768147191642393
                ],
                [
                    0.0,
                    0.0,
                    0.0,
                    1.0
                ]
            ],
            "position": [
                0.3895873384826115,
                0.03595900894060092,
                0.3768147191642393
            ],
            "quaternion": [
                -0.3638266067072944,
                0.8304282379204256,
                -0.41643637584585164,
                0.06778087978214917
            ]
        },
        {
            "camera": "camera_rgb",
            "file_path": "./train/c_28.jpg",
            "rotation": 0.1,
            "transform_matrix": [
                [
                    -0.7208400327101443,
                    -0.561946141279972,
                    0.4057168736236978,
                    0.3833070436228565
                ],
                [
                    -0.6609853727560457,
                    0.38123268341340877,
                    -0.6463435449511064,
                    0.03380414617065158
                ],
                [
                    0.20853772858883124,
                    -0.7340832210301236,
                    -0.6462459596446615,
                    0.36696772713821196
                ],
                [
                    0.0,
                    0.0,
                    0.0,
                    1.0
                ]
            ],
            "position": [
                0.3833070436228565,
                0.03380414617065158,
                0.36696772713821196
            ],
            "quaternion": [
                -0.3688394552038882,
                0.828900352523882,
                -0.4163404495424479,
                0.05946976392178137
            ]
        },
        {
            "camera": "camera_rgb",
            "file_path": "./train/c_29.jpg",
            "rotation": 0.1,
            "transform_matrix": [
                [
                    -0.7028902961527257,
                    -0.5766178007852785,
                    0.4164818644213489,
                    0.39594881434682494
                ],
                [
                    -0.6816791186169116,
                    0.3788690790593703,
                    -0.6259167677689865,
                    0.045883854185969554
                ],
                [
                    0.2031226496873369,
                    -0.7238578125227728,
                    -0.6593717134012818,
                    0.3640839166699262
                ],
                [
                    0.0,
                    0.0,
                    0.0,
                    1.0
                ]
            ],
            "position": [
                0.39594881434682494,
                0.045883854185969554,
                0.3640839166699262
            ],
            "quaternion": [
                -0.3800029871465688,
                0.8278157450534696,
                -0.40762904571765096,
                0.06443402799769236
            ]
        },
        {
            "camera": "camera_rgb",
            "file_path": "./train/c_30.jpg",
            "rotation": 0.1,
            "transform_matrix": [
                [
                    -0.698363054937812,
                    -0.5896683521744603,
                    0.4056849491191198,
                    0.3906771288023666
                ],
                [
                    -0.6803178423735281,
                    0.37076130506518756,
                    -0.632221233441733,
                    0.04375808890868881
                ],
                [
                    0.2223885717525824,
                    -0.7175146612510546,
                    -0.6600878987253369,
                    0.3553303144009429
                ],
                [
                    0.0,
                    0.0,
                    0.0,
                    1.0
                ]
            ],
            "position": [
                0.3906771288023666,
                0.04375808890868881,
                0.3553303144009429
            ],
            "quaternion": [
                -0.38436968084297773,
                0.8260140538090818,
                -0.4085064525052002,
                0.05547585506874406
            ]
        },
        {
            "camera": "camera_rgb",
            "file_path": "./train/c_31.jpg",
            "rotation": 0.1,
            "transform_matrix": [
                [
                    -0.5996182928372956,
                    -0.49092279321532883,
                    -0.632022716361166,
                    0.4621841712914206
                ],
                [
                    0.11861107527806658,
                    0.7265079608159869,
                    -0.6768438488251018,
                    -0.028949633494839505
                ],
                [
                    0.7914476076887644,
                    -0.48081284713769445,
                    -0.37739858281540495,
                    0.3297665140625236
                ],
                [
                    0.0,
                    0.0,
                    0.0,
                    1.0
                ]
