{
    "cameras": {
        "camera_touchraw": {
            "w": 570,
            "h": 570,
            "near": 9.999999747378752e-05,
            "far": 2.0,
            "camera_angle_x": [
                0.523598849773407
            ],
            "types": [
                "touch_raw"
            ]
        }
    },
    "frames": [
        {
            "camera": "camera_touchraw",
            "file_path": "./train/t_0.jpg",
            "rotation": 0.1,
            "transform_matrix": [
                [
                    0.8631474569772689,
                    -0.461713104083169,
                    -0.20444431278849146,
                    0.372386824978257
                ],
                [
                    -0.3000510107011556,
                    -0.14333177704874228,
                    -0.9430935227564996,
                    0.08326165144922965
                ],
                [
                    0.4061352711731509,
                    0.8753724985432967,
                    -0.26225394239777744,
                    0.28466154587217485
                ],
                [
                    0.0,
                    0.0,
                    0.0,
                    1.0
                ]
            ],
            "position": [
                0.372386824978257,
                0.08326165144922965,
                0.28466154587217485
            ],
            "quaternion": [
                -0.7531136007858986,
                0.2528701574060914,
                -0.06695199131105589,
                -0.6036459057590288
            ]
        },
        {
            "camera": "camera_touchraw",
            "file_path": "./train/t_1.jpg",
            "rotation": 0.1,
            "transform_matrix": [
                [
                    0.8552519854855924,
                    -0.47327690332788896,
                    -0.21107584916166058,
                    0.37504401073175503
                ],
                [
                    -0.31168047665018117,
                    -0.14438217724495653,
                    -0.9391533779788698,
                    0.08002527948124247
                ],
                [
                    0.4140040118139774,
                    0.8690010124679776,
                    -0.27099431457423995,
                    0.2906245197350466
                ],
                [
                    0.0,
                    0.0,
                    0.0,
                    1.0
                ]
            ],
            "position": [
                0.37504401073175503,
                0.08002527948124247,
                0.2906245197350466
            ],
            "quaternion": [
                -0.7534281108619405,
                0.26046046802249734,
                -0.06733456563061364,
                -0.5999723689531736
            ]
        },
        {
            "camera": "camera_touchraw",
            "file_path": "./train/t_2.jpg",
            "rotation": 0.1,
            "transform_matrix": [
                [
                    0.8399115173284484,
                    -0.49051472447950567,
                    -0.23225836503303424,
                    0.3831235119784849
                ],
                [
                    -0.33784329232863347,
                    -0.13762249019865733,
                    -0.9310864406810307,
                    0.07322557225994142
                ],
                [
                    0.4247476343519444,
                    0.8604971558699749,
                    -0.28130782401510257,
                    0.29634844545666006
                ],
                [
                    0.0,
                    0.0,
                    0.0,
                    1.0
                ]
            ],
            "position": [
                0.3831235119784849,
                0.07322557225994142,
                0.29634844545666006
            ],
            "quaternion": [
                -0.7514700748618918,
                0.27557762221813575,
                -0.0640372086284738,
                -0.5960229001524777
            ]
        },
        {
            "camera": "camera_touchraw",
            "file_path": "./train/t_3.jpg",
            "rotation": 0.1,
            "transform_matrix": [
                [
                    0.8302412784250286,
                    -0.5034561790108931,
                    -0.23923063226711982,
                    0.37745689965525153
                ],
                [
                    -0.3399843021894595,
                    -0.11728013133412822,
                    -0.9330895161017492,
                    0.0685572165690351
                ],
                [
                    0.4417126824802755,
                    0.8560240923069875,
                    -0.2685380038766919,
                    0.30852588844703294
                ],
                [
                    0.0,
                    0.0,
                    0.0,
                    1.0
                ]
            ],
            "position": [
                0.37745689965525153,
                0.0685572165690351,
                0.30852588844703294
            ],
            "quaternion": [
                -0.744319641854354,
                0.28329083283128575,
                -0.06800872132273832,
                -0.600919087301315
            ]
        },
        {
            "camera": "camera_touchraw",
            "file_path": "./train/t_4.jpg",
            "rotation": 0.1,
            "transform_matrix": [
                [
                    0.8163063792542719,
                    -0.5268745608753105,
                    -0.23674267104016022,
                    0.3758140765076684
                ],
                [
                    -0.3463871119768575,
                    -0.11853234810802968,
                    -0.9305729692551403,
                    0.0653472190027588
                ],
                [
                    0.46223355984297887,
                    0.8416372612678489,
                    -0.2792612694242464,
                    0.3197127737303773
                ],
                [
                    0.0,
                    0.0,
                    0.0,
                    1.0
                ]
            ],
            "position": [
                0.3758140765076684,
                0.0653472190027588,
                0.3197127737303773
            ],
            "quaternion": [
                -0.7439905092138058,
                0.293436790391188,
                -0.0757703271880073,
                -0.5955049879203024
            ]
        },
        {
            "camera": "camera_touchraw",
            "file_path": "./train/t_5.jpg",
            "rotation": 0.1,
            "transform_matrix": [
                [
                    0.8269092533016231,
                    -0.5223168396049234,
                    -0.2083415605904807,
                    0.3577550100633788
                ],
                [
                    -0.3130801611021726,
                    -0.11985707162062934,
                    -0.9421332682305434,
                    0.066737310366149
                ],
                [
                    0.467120861799588,
                    0.8442863266970821,
                    -0.2626379618866208,
                    0.3227225502385128
                ],
                [
                    0.0,
                    0.0,
                    0.0,
                    1.0
                ]
            ],
            "position": [
                0.3577550100633788,
                0.066737310366149,
                0.3227225502385128
            ],
            "quaternion": [
                -0.7432011550890654,
                0.28101150142158804,
                -0.08704838526838025,
                -0.6009172311064692
            ]
        },
        {
            "camera": "camera_touchraw",
            "file_path": "./train/t_6.jpg",
            "rotation": 0.1,
            "transform_matrix": [
                [
                    0.8424169422961285,
                    -0.5001803742712438,
                    -0.20038285487116841,
                    0.3551252379456409
                ],
                [
                    -0.2989058724056544,
                    -0.12438058819719951,
                    -0.946142034115985,
                    0.06993017168287433
                ],
                [
                    0.4483179393843793,
                    0.8569416914082295,
                    -0.2542871659218116,
                    0.3125653812325744
                ],
                [
                    0.0,
                    0.0,
                    0.0,
                    1.0
                ]
            ],
            "position": [
                0.3551252379456409,
                0.06993017168287433,
                0.3125653812325744
            ],
            "quaternion": [
                -0.7451630981607096,
                0.2680895439207852,
                -0.08318101332056085,
                -0.604925808242861
            ]
        },
        {
            "camera": "camera_touchraw",
            "file_path": "./train/t_7.jpg",
            "rotation": 0.1,
            "transform_matrix": [
                [
                    0.8543592850642227,
                    -0.4851421194341471,
                    -0.1862990498512918,
                    0.3547516866280108
                ],
                [
                    -0.28425159233198416,
                    -0.1361432049926162,
                    -0.949034277563814,
                    0.0759853055836579
                ],
                [
                    0.4350531510991293,
                    0.8637720484510266,
                    -0.2542176312403135,
                    0.3050947999709955
                ],
                [
                    0.0,
                    0.0,
                    0.0,
                    1.0
                ]
            ],
            "position": [
                0.3547516866280108,
                0.0759853055836579,
                0.3050947999709955
            ],
            "quaternion": [
                -0.749117391174571,
                0.2567652887662897,
                -0.08301525949839647,
                -0.6049773122113098
            ]
        },
        {
            "camera": "camera_touchraw",
            "file_path": "./train/t_8.jpg",
            "rotation": 0.1,
            "transform_matrix": [
                [
                    0.8699833372822651,
                    -0.45790909546716624,
                    -0.18288863589532955,
                    0.3537732642941236
                ],
                [
                    -0.27094130899289864,
                    -0.13404831672148246,
                    -0.9532165839227473,
                    0.0809497755955261
                ],
                [
                    0.4119706299391104,
                    0.8788346312433182,
                    -0.2406862916640536,
                    0.29460477342313673
                ],
                [
                    0.0,
                    0.0,
                    0.0,
                    1.0
                ]
            ],
            "position": [
                0.3537732642941236,
                0.0809497755955261,
                0.29460477342313673
            ],
            "quaternion": [
                -0.7491170281444175,
                0.2432351244862293,
                -0.07645023861936502,
                -0.6114000934336888
            ]
        },
        {
            "camera": "camera_touchraw",
            "file_path": "./train/t_9.jpg",
            "rotation": 0.1,
            "transform_matrix": [
                [
                    0.8745568702630491,
                    -0.4482339750228755,
                    -0.18503130629948195,
                    0.36139554341744895
                ],
                [
                    -0.2753051182341146,
                    -0.1448331085342916,
                    -0.9503843762112223,
                    0.08332420056850773
                ],
                [
                    0.39919590748127753,
                    0.8821052512639782,
                    -0.25006589760043846,
                    0.2857861353832297
                ],
                [
                    0.0,
                    0.0,
                    0.0,
                    1.0
                ]
            ],
            "position": [
                0.36139554341744895,
                0.08332420056850773,
                0.2857861353832297
            ],
            "quaternion": [
                -0.7532335425771676,
                0.24014298760991218,
                -0.071081338447893,
                -0.6082042256005195
            ]
        },
        {
            "camera": "camera_touchraw",
            "file_path": "./train/t_10.jpg",
            "rotation": 0.1,
            "transform_matrix": [
                [
                    0.8633381862974605,
                    -0.4666366009717606,
                    -0.19208711230619588,
                    0.3663600629099061
                ],
                [
                    -0.2884866252051545,
                    -0.1440855398610154,
                    -0.9465805957659921,
                    0.08220278923694821
                ],
                [
                    0.4140321764770848,
                    0.8726337375075992,
                    -0.25901296686684705,
                    0.2930924963247774
                ],
                [
                    0.0,
                    0.0,
                    0.0,
                    1.0
                ]
            ],
            "position": [
                0.3663600629099061,
                0.08220278923694821,
                0.2930924963247774
            ],
            "quaternion": [
                -0.752732341590704,
                0.2507926543807174,
                -0.07371272640086296,
                -0.6042001831132114
            ]
        },
        {
            "camera": "camera_touchraw",
            "file_path": "./train/t_11.jpg",
            "rotation": 0.1,
            "transform_matrix": [
                [
                    0.876252246252875,
                    -0.44440816493237467,
                    -0.18623475475385948,
                    0.3591014811272319
                ],
                [
                    -0.2714882529090378,
                    -0.13602659123571975,
                    -0.9527806122131104,
                    0.08332240553377698
                ],
                [
                    0.3980906045979851,
                    0.8854366998369958,
                    -0.23984520239642299,
                    0.28627452608420834
                ],
                [
                    0.0,
                    0.0,
                    0.0,
                    1.0
                ]
            ],
            "position": [
                0.3591014811272319,
                0.08332240553377698,
                0.28627452608420834
            ],
            "quaternion": [
                -0.7503518074671752,
                0.23851890995933128,
                -0.07058510856318118,
                -0.6124483634945216
            ]
        },
        {
            "camera": "camera_touchraw",
            "file_path": "./train/t_12.jpg",
            "rotation": 0.1,
            "transform_matrix": [
                [
                    0.5191905867896055,
                    -0.8491932312821371,
                    0.09649865560549603,
                    0.32896719522284984
                ],
                [
                    -0.40770219371393784,
                    -0.34532236453925746,
                    -0.8452995834553919,
                    0.05780370664288695
                ],
                [
                    0.7511458286044781,
                    0.3995288731664076,
                    -0.5255060643574658,
                    0.32642076207848153
                ],
                [
                    0.0,
                    0.0,
                    0.0,
                    1.0
                ]
            ],
            "position": [
                0.32896719522284984,
                0.05780370664288695,
                0.32642076207848153
            ],
            "quaternion": [
                -0.7729821372566429,
                0.4065062685882294,
                -0.2741459547970484,
                -0.40260355863364894
            ]
        },
        {
            "camera": "camera_touchraw",
            "file_path": "./train/t_13.jpg",
            "rotation": 0.1,
            "transform_matrix": [
                [
                    0.4827031923391798,
                    -0.8701216140694994,
                    0.09942839048608837,
                    0.335398708517701
                ],
                [
                    -0.43741018785611296,
                    -0.3378838136687803,
                    -0.833370779437533,
                    0.05419712675043786
                ],
                [
                    0.7587291714869311,
                    0.358779744675937,
                    -0.5436976541654608,
                    0.3407298110032816
                ],
                [
                    0.0,
                    0.0,
                    0.0,
                    1.0
                ]
            ],
            "position": [
                0.335398708517701,
                0.05419712675043786,
                0.3407298110032816
            ],
            "quaternion": [
                -0.7688093599322463,
                0.42517836564390343,
                -0.2790525088011613,
                -0.38765910756251354
            ]
        },
        {
            "camera": "camera_touchraw",
            "file_path": "./train/t_14.jpg",
            "rotation": 0.1,
            "transform_matrix": [
                [
                    0.46185248828179215,
                    -0.881335776049059,
                    0.09969718613842621,
                    0.3264764975953152
                ],
                [
                    -0.4464907683346391,
                    -0.328144455226117,
                    -0.8324465209827586,
                    0.04497573207778348
                ],
                [
                    0.7663799794226496,
                    0.3399536238376607,
                    -0.5450626209710049,
                    0.3450457108253278
                ],
                [
                    0.0,
                    0.0,
                    0.0,
                    1.0
                ]
            ],
            "position": [
                0.3264764975953152,
                0.04497573207778348,
                0.3450457108253278
            ],
            "quaternion": [
                -0.7640429302053591,
                0.4344713510559949,
                -0.2833846919476351,
                -0.38361507160168606
            ]
        },
        {
            "camera": "camera_touchraw",
            "file_path": "./train/t_15.jpg",
            "rotation": 0.1,
            "transform_matrix": [
                [
                    0.4844986549102417,
                    -0.8681932025774322,
                    0.10724558913311294,
                    0.31838473792061506
                ],
                [
                    -0.4351394957601835,
                    -0.3455344387429271,
                    -0.8314202131727277,
                    0.0445243173545763
                ],
                [
                    0.7588904220108064,
                    0.3561551833694865,
                    -0.5451961231880762,
                    0.3319027843395885
                ],
                [
                    0.0,
                    0.0,
                    0.0,
                    1.0
                ]
            ],
            "position": [
                0.31838473792061506,
                0.0445243173545763,
                0.3319027843395885
            ],
            "quaternion": [
                -0.7705867606291691,
                0.422835368861659,
                -0.2809972773824601,
                -0.38528065895104346
            ]
        },
        {
            "camera": "camera_touchraw",
            "file_path": "./train/t_16.jpg",
            "rotation": 0.1,
            "transform_matrix": [
                [
                    0.4451190463306752,
                    -0.8638503980875136,
                    0.23586335942175174,
                    0.3359691509952902
                ],
                [
                    -0.49119883894190863,
                    -0.45577430935162033,
                    -0.742289350292172,
                    0.05355729046976759
                ],
                [
                    0.7487274104878164,
                    0.2145513194065657,
                    -0.6271961384807079,
                    0.3431585079196158
                ],
                [
                    0.0,
                    0.0,
                    0.0,
                    1.0
                ]
            ],
            "position": [
                0.3359691509952902,
                0.05355729046976759,
                0.3431585079196158
            ],
            "quaternion": [
                -0.7949961065866042,
                0.4261157962005601,
                -0.30961950930394744,
                -0.30089306916963476
            ]
        },
        {
            "camera": "camera_touchraw",
            "file_path": "./train/t_17.jpg",
            "rotation": 0.1,
            "transform_matrix": [
                [
                    0.5060441750750747,
                    -0.7997582794341653,
                    0.32296437473673584,
                    0.33731668692700806
                ],
                [
                    -0.3847714942320042,
                    -0.5444498172834794,
                    -0.7453356919445469,
                    0.0628977175756532
                ],
                [
                    0.7719262854049329,
                    0.25290530033292935,
                    -0.5832398468592939,
                    0.3252562843793021
                ],
                [
                    0.0,
                    0.0,
                    0.0,
                    1.0
                ]
            ],
            "position": [
                0.33731668692700806,
                0.0628977175756532,
                0.3252562843793021
            ],
            "quaternion": [
                -0.8114368409285877,
                0.3649461776346295,
                -0.33732893020481297,
                -0.30755177504937486
            ]
        },
        {
            "camera": "camera_touchraw",
            "file_path": "./train/t_18.jpg",
            "rotation": 0.1,
            "transform_matrix": [
                [
                    0.5449209503524345,
                    -0.7770278413572544,
                    0.31510139895386857,
                    0.33672951860308054
                ],
                [
                    -0.3460403015029004,
                    -0.5507050163622775,
                    -0.7595920580740726,
                    0.06639126254539286
                ],
                [
                    0.7637520982640776,
                    0.30487984306790283,
                    -0.5689736493793974,
                    0.30953317296615845
                ],
                [
                    0.0,
                    0.0,
                    0.0,
                    1.0
                ]
            ],
            "position": [
                0.33672951860308054,
                0.06639126254539286,
                0.30953317296615845
            ],
            "quaternion": [
                -0.8161777671079021,
                0.34400036824040653,
                -0.33045724133467547,
                -0.3260520996008717
            ]
        },
        {
            "camera": "camera_touchraw",
            "file_path": "./train/t_19.jpg",
            "rotation": 0.1,
            "transform_matrix": [
                [
                    0.5540839670763692,
                    -0.770590496722407,
                    0.314930538039783,
                    0.3365389583064683
                ],
                [
                    -0.338608044509919,
                    -0.5542289625538365,
                    -0.7603780962519022,
                    0.06842724073220874
                ],
                [
                    0.7604837602619018,
                    0.31467529840712377,
                    -0.5680175234535516,
                    0.3058572443515932
                ],
                [
                    0.0,
                    0.0,
                    0.0,
                    1.0
                ]
            ],
            "position": [
                0.3365389583064683,
                0.06842724073220874,
                0.3058572443515932
            ],
            "quaternion": [
                -0.817972395763292,
                0.3390066376532614,
                -0.3286810898132388,
                -0.3285707860886426
            ]
        },
        {
            "camera": "camera_touchraw",
            "file_path": "./train/t_20.jpg",
            "rotation": 0.1,
            "transform_matrix": [
                [
                    0.5534066165761482,
                    -0.7709342751516799,
                    0.31527997101955885,
                    0.3456549636824652
                ],
                [
                    -0.3525136946370419,
                    -0.5597448908582552,
                    -0.7499464995927523,
                    0.07299568333795013
                ],
                [
                    0.7546358140342151,
                    0.3038848475235865,
                    -0.5815314158517009,
                    0.30804185673746315
                ],
                [
                    0.0,
                    0.0,
                    0.0,
                    1.0
                ]
            ],
            "position": [
                0.3456549636824652,
                0.07299568333795013,
                0.30804185673746315
            ],
            "quaternion": [
                -0.8207721559046461,
                0.3421904685860826,
                -0.32588512657515395,
                -0.3209859754771376
            ]
        },
        {
            "camera": "camera_touchraw",
            "file_path": "./train/t_21.jpg",
            "rotation": 0.1,
            "transform_matrix": [
                [
                    0.5538860276138537,
                    -0.7709835117317625,
                    0.31431623097114225,
                    0.33607677450471934
                ],
                [
                    -0.347027819785992,
                    -0.5569387473230989,
                    -0.7545799652951027,
                    0.06752197643969489
                ],
                [
                    0.7568235994660355,
                    0.3088748231370383,
                    -0.5760333175462484,
                    0.30468035751537653
                ],
                [
                    0.0,
                    0.0,
                    0.0,
                    1.0
                ]
            ],
            "position": [
                0.33607677450471934,
                0.06752197643969489,
                0.30468035751537653
            ],
            "quaternion": [
                -0.8195796088476907,
                0.3410300277249704,
                -0.32673268666732636,
                -0.3243884974680207
            ]
        },
        {
            "camera": "camera_touchraw",
            "file_path": "./train/t_22.jpg",
            "rotation": 0.1,
            "transform_matrix": [
                [
                    0.5604342500062733,
                    -0.7599958835907457,
                    0.32911959580831385,
                    0.3296309553935497
                ],
                [
                    -0.35208082360459986,
                    -0.5783244687074192,
                    -0.7359211252194003,
                    0.06582862566700096
                ],
                [
                    0.7496349412012574,
                    0.29655870551950325,
                    -0.5916928165110542,
                    0.2978988485847011
                ],
                [
                    0.0,
                    0.0,
                    0.0,
                    1.0
                ]
            ],
            "position": [
                0.3296309553935497,
                0.06582862566700096,
                0.2978988485847011
            ],
            "quaternion": [
                -0.8262015701190032,
                0.3365009448892994,
                -0.3264180597063572,
                -0.3124158939530382
            ]
        },
        {
            "camera": "camera_touchraw",
            "file_path": "./train/t_23.jpg",
            "rotation": 0.1,
            "transform_matrix": [
                [
                    0.49095604457983205,
                    -0.7919023918516698,
                    0.363115359176847,
                    0.3300268735001997
                ],
                [
                    -0.38216905327820816,
                    -0.5703325246755735,
                    -0.7270953348864404,
                    0.05869805062601388
                ],
                [
                    0.7828850343485716,
                    0.218200396600903,
                    -0.5826487877926503,
                    0.32535753117697225
                ],
                [
                    0.0,
                    0.0,
                    0.0,
                    1.0
                ]
            ],
            "position": [
                0.3300268735001997,
                0.05869805062601388,
                0.32535753117697225
            ],
            "quaternion": [
                -0.8130071413517788,
                0.3610253725578131,
                -0.35239356236804353,
                -0.29067715176377196
            ]
        },
        {
            "camera": "camera_touchraw",
            "file_path": "./train/t_24.jpg",
            "rotation": 0.1,
            "transform_matrix": [
                [
                    0.42577245932747027,
                    -0.8207772018186275,
                    0.3808445849070481,
                    0.3291985588633602
                ],
                [
                    -0.4324952221712341,
                    -0.5543143380787241,
                    -0.7111142646575168,
                    0.046590485707721466
                ],
                [
                    0.7947739903125244,
                    0.1380594059639914,
                    -0.5909939972178884,
                    0.3469835842639235
                ],
                [
                    0.0,
                    0.0,
                    0.0,
                    1.0
                ]
            ],
            "position": [
                0.3291985588633602,
                0.046590485707721466,
                0.3469835842639235
            ],
            "quaternion": [
                -0.8017272441390555,
                0.39080166159763746,
                -0.3665872509491781,
                -0.2647935717019614
            ]
        },
        {
            "camera": "camera_touchraw",
            "file_path": "./train/t_25.jpg",
            "rotation": 0.1,
            "transform_matrix": [
                [
                    0.4926933086613614,
                    -0.7734004529910727,
                    0.3988797348995359,
                    0.32850604476161444
                ],
                [
                    -0.38003389778522706,
                    -0.6035864742572563,
                    -0.7008977133846725,
                    0.059377441293279674
                ],
                [
                    0.7828330218727926,
                    0.19373979303926842,
                    -0.591301405764111,
                    0.319833946511752
                ],
                [
                    0.0,
                    0.0,
                    0.0,
                    1.0
                ]
            ],
            "position": [
                0.32850604476161444,
                0.059377441293279674,
                0.319833946511752
            ],
            "quaternion": [
                -0.8196898854258288,
                0.3517878733544196,
                -0.36041255173381803,
                -0.27285699060042756
            ]
        },
        {
            "camera": "camera_touchraw",
            "file_path": "./train/t_26.jpg",
            "rotation": 0.1,
            "transform_matrix": [
                [
                    0.5241442622777531,
                    -0.748720572169338,
                    0.4058205233002994,
                    0.32863723469579453
                ],
                [
                    -0.3530518182921005,
                    -0.624678456592476,
                    -0.6965136319339937,
                    0.06168370230406536
                ],
                [
                    0.7750014231741458,
                    0.22179795012501904,
                    -0.5917587881885553,
                    0.30645417495413374
                ],
                [
                    0.0,
                    0.0,
                    0.0,
                    1.0
                ]
            ],
            "position": [
                0.32863723469579453,
                0.06168370230406536,
                0.30645417495413374
            ],
            "quaternion": [
                -0.8277327546645556,
                0.3327662736616566,
                -0.3566414645965463,
                -0.2773559456269689
            ]
        },
        {
            "camera": "camera_touchraw",
            "file_path": "./train/t_27.jpg",
            "rotation": 0.1,
            "transform_matrix": [
                [
                    0.544431487955075,
                    -0.7283664698296435,
                    0.41602480761479366,
                    0.33613462021394985
                ],
                [
                    -0.36947269622035894,
                    -0.653501921296313,
                    -0.6606248296951044,
                    0.07105756826206652
                ],
                [
                    0.7530499861700293,
                    0.20595515164697983,
                    -0.6248985468373152,
                    0.3005974957057226
                ],
                [
                    0.0,
                    0.0,
                    0.0,
                    1.0
                ]
            ],
            "position": [
                0.33613462021394985,
                0.07105756826206652,
                0.3005974957057226
            ],
            "quaternion": [
                -0.8400619081037541,
                0.3267119258139852,
                -0.34791132354320714,
                -0.25789024779903374
            ]
        },
        {
            "camera": "camera_touchraw",
            "file_path": "./train/t_28.jpg",
            "rotation": 0.1,
            "transform_matrix": [
                [
                    0.5587303993180328,
                    -0.7228780217457824,
                    0.4065313106696898,
                    0.32841281105078135
                ],
                [
                    -0.3622008862483359,
                    -0.6536509075807582,
                    -0.6644930466301142,
                    0.06817084949193601
                ],
                [
                    0.7460769791910429,
                    0.22402646427544065,
                    -0.6270416927329578,
                    0.29144475022636995
                ],
                [
                    0.0,
                    0.0,
                    0.0,
                    1.0
                ]
            ],
            "position": [
                0.32841281105078135,
                0.06817084949193601,
                0.29144475022636995
            ],
            "quaternion": [
                -0.842527000720417,
                0.32196973751914937,
                -0.3420073745925833,
                -0.26364570502595663
            ]
        },
        {
            "camera": "camera_touchraw",
            "file_path": "./train/t_29.jpg",
            "rotation": 0.1,
            "transform_matrix": [
                [
                    0.5730290662768054,
                    -0.7049896536896587,
                    0.4178842870849154,
                    0.33966273067222635
                ],
                [
                    -0.36011354536598544,
                    -0.6746422004307743,
                    -0.6443416297600711,
                    0.08008106885572558
                ],
                [
                    0.7361765573867951,
                    0.21874069028980261,
                    -0.6404659138202974,
                    0.28951452347215634
                ],
                [
                    0.0,
                    0.0,
                    0.0,
                    1.0
                ]
            ],
            "position": [
                0.33966273067222635,
                0.08008106885572558,
                0.28951452347215634
            ],
            "quaternion": [
                -0.8497236159426427,
                0.3133657735358054,
                -0.3395381495012946,
                -0.25392887664529173
            ]
        },
        {
            "camera": "camera_touchraw",
            "file_path": "./train/t_30.jpg",
            "rotation": 0.1,
            "transform_matrix": [
                [
                    0.5862717003561726,
                    -0.700197955646257,
                    0.40744118136276386,
                    0.3330522925119476
                ],
                [
                    -0.3518837866156277,
                    -0.6731226927230782,
                    -0.6504487998745787,
                    0.07712373085809349
                ],
                [
                    0.7297008250499171,
                    0.237967778176027,
                    -0.6410210936244107,
