{
    "cameras": {
        "camera_depth": {
            "w": 1280,
            "h": 720,
            "near": 0.28,
            "far": 3.0,
            "camera_angle_x": [
                0.0
            ],
            "types": [
                "depth"
            ]
        }
    },
    "frames": [
        {
            "camera": "camera_depth",
            "file_path": "./train/d_0.jpg",
            "rotation": 0.1,
            "transform_matrix": [
                [
                    -0.4617131040831689,
                    -0.863147456977269,
                    -0.20444431278849146,
                    0.42759417438005254
                ],
                [
                    -0.1433317770487425,
                    0.3000510107011555,
                    -0.9430935227564998,
                    0.08908225040118839
                ],
                [
                    0.8753724985432971,
                    -0.4061352711731507,
                    -0.26225394239777766,
                    0.29474220542127416
                ],
                [
                    0.0,
                    0.0,
                    0.0,
                    1.0
                ]
            ],
            "position": [
                0.42759417438005254,
                0.08908225040118839,
                0.29474220542127416
            ],
            "quaternion": [
                -0.35372553105797044,
                0.7113379371810842,
                -0.47418432046769515,
                -0.37949990632771446
            ]
        },
        {
            "camera": "camera_depth",
            "file_path": "./train/d_1.jpg",
            "rotation": 0.1,
            "transform_matrix": [
                [
                    -0.47327690332788924,
                    -0.8552519854855927,
                    -0.21107584916166044,
                    0.43018773784089265
                ],
                [
                    -0.14438217724495644,
                    0.3116804766501809,
                    -0.9391533779788701,
                    0.08520627313443638
                ],
                [
                    0.8690010124679777,
                    -0.41400401181397745,
                    -0.27099431457424006,
                    0.3013798515455897
                ],
                [
                    0.0,
                    0.0,
                    0.0,
                    1.0
                ]
            ],
            "position": [
                0.43018773784089265,
                0.08520627313443638,
                0.3013798515455897
            ],
            "quaternion": [
                -0.34858076315731823,
                0.7169274894967776,
                -0.4718572585770039,
                -0.3766318026456888
            ]
        },
        {
            "camera": "camera_depth",
            "file_path": "./train/d_2.jpg",
            "rotation": 0.1,
            "transform_matrix": [
                [
                    -0.4905147244795054,
                    -0.8399115173284486,
                    -0.23225836503303415,
                    0.4382132423126367
                ],
                [
                    -0.13762249019865713,
                    0.3378432923286333,
                    -0.9310864406810305,
                    0.07682347961084976
                ],
                [
                    0.8604971558699748,
                    -0.4247476343519442,
                    -0.28130782401510224,
                    0.30799005924002565
                ],
                [
                    0.0,
                    0.0,
                    0.0,
                    1.0
                ]
            ],
            "position": [
                0.4382132423126367,
                0.07682347961084976,
                0.30799005924002565
            ],
            "quaternion": [
                -0.336506780379898,
                0.7262323912073148,
                -0.4667329789097411,
                -0.3761706899708381
            ]
        },
        {
            "camera": "camera_depth",
            "file_path": "./train/d_3.jpg",
            "rotation": 0.1,
            "transform_matrix": [
                [
                    -0.5034561790108928,
                    -0.8302412784250288,
                    -0.23923063226711966,
                    0.43242499561413295
                ],
                [
                    -0.11728013133412835,
                    0.3399843021894593,
                    -0.933089516101749,
                    0.07173098426323313
                ],
                [
                    0.8560240923069875,
                    -0.441712682480275,
                    -0.2685380038766919,
                    0.3208460395157015
                ],
                [
                    0.0,
                    0.0,
                    0.0,
                    1.0
                ]
            ],
            "position": [
                0.43242499561413295,
                0.07173098426323313,
                0.3208460395157015
            ],
            "quaternion": [
                -0.32599659718256946,
                0.7266303350685428,
                -0.47300338960232513,
                -0.37682453354805645
            ]
        },
        {
            "camera": "camera_depth",
            "file_path": "./train/d_4.jpg",
            "rotation": 0.1,
            "transform_matrix": [
                [
                    -0.5268745608753098,
                    -0.816306379254272,
                    -0.23674267104016067,
                    0.430446934874069
                ],
                [
                    -0.1185323481080302,
                    0.3463871119768582,
                    -0.9305729692551402,
                    0.06817389061869786
                ],
                [
                    0.8416372612678492,
                    -0.4622335598429782,
                    -0.2792612694242469,
                    0.3335189756472264
                ],
                [
                    0.0,
                    0.0,
                    0.0,
                    1.0
                ]
            ],
            "position": [
                0.430446934874069,
                0.06817389061869786,
                0.3335189756472264
            ],
            "quaternion": [
                -0.3185895898682901,
                0.7335718785387391,
                -0.4746633273562218,
                -0.3675079030214956
            ]
        },
        {
            "camera": "camera_depth",
            "file_path": "./train/d_5.jpg",
            "rotation": 0.1,
            "transform_matrix": [
                [
                    -0.5223168396049235,
                    -0.8269092533016236,
                    -0.20834156059048042,
                    0.4122867030154699
                ],
                [
                    -0.11985707162062925,
                    0.31308016110217196,
                    -0.9421332682305438,
                    0.07147700240557413
                ],
                [
                    0.8442863266970826,
                    -0.467120861799588,
                    -0.2626379618866206,
                    0.33640393467966523
                ],
                [
                    0.0,
                    0.0,
                    0.0,
                    1.0
                ]
            ],
            "position": [
                0.4122867030154699,
                0.07147700240557413,
                0.33640393467966523
            ],
            "quaternion": [
                -0.3268174383025352,
                0.724227714795771,
                -0.4864651525618392,
                -0.36336014553261736
            ]
        },
        {
            "camera": "camera_depth",
            "file_path": "./train/d_6.jpg",
            "rotation": 0.1,
            "transform_matrix": [
                [
                    -0.5001803742712434,
                    -0.842416942296129,
                    -0.20038285487116858,
                    0.4098903678226615
                ],
                [
                    -0.12438058819719966,
                    0.2989058724056543,
                    -0.946142034115985,
                    0.07553558504877264
                ],
                [
                    0.85694169140823,
                    -0.4483179393843788,
                    -0.2542871659218118,
                    0.3249229856778872
                ],
                [
                    0.0,
                    0.0,
                    0.0,
                    1.0
                ]
            ],
            "position": [
                0.4098903678226615,
                0.07553558504877264,
                0.3249229856778872
            ],
            "quaternion": [
                -0.3373419453278189,
                0.7164778142710105,
                -0.4865649997082171,
                -0.36892928253834323
            ]
        },
        {
            "camera": "camera_depth",
            "file_path": "./train/d_7.jpg",
            "rotation": 0.1,
            "transform_matrix": [
                [
                    -0.48514211943414687,
                    -0.854359285064223,
                    -0.18629904985129142,
                    0.40957725634947134
                ],
                [
                    -0.13614320499261595,
                    0.2842515923319836,
                    -0.9490342775638141,
                    0.08258544050552594
                ],
                [
                    0.8637720484510266,
                    -0.4350531510991292,
                    -0.25421763124031305,
                    0.3166682878120383
                ],
                [
                    0.0,
                    0.0,
                    0.0,
                    1.0
                ]
            ],
            "position": [
                0.40957725634947134,
                0.08258544050552594,
                0.3166682878120383
            ],
            "quaternion": [
                -0.3481455103443493,
                0.7112664640642798,
                -0.48648421286190535,
                -0.36908290699535107
            ]
        },
        {
            "camera": "camera_depth",
            "file_path": "./train/d_8.jpg",
            "rotation": 0.1,
            "transform_matrix": [
                [
                    -0.45790909546716596,
                    -0.869983337282265,
                    -0.18288863589532983,
                    0.40883722712370313
                ],
                [
                    -0.13404831672148254,
                    0.27094130899289914,
                    -0.953216583922747,
                    0.08825998052489818
                ],
                [
                    0.878834631243318,
                    -0.41197062993911004,
                    -0.24068629166405364,
                    0.30449777086929053
                ],
                [
                    0.0,
                    0.0,
                    0.0,
                    1.0
                ]
            ],
            "position": [
                0.40883722712370313,
                0.08825998052489818,
                0.30449777086929053
            ],
            "quaternion": [
                -0.3577125245562646,
                0.7016989364501983,
                -0.4863836342361326,
                -0.3782666699339675
            ]
        },
        {
            "camera": "camera_depth",
            "file_path": "./train/d_9.jpg",
            "rotation": 0.1,
            "transform_matrix": [
                [
                    -0.44823397502287504,
                    -0.8745568702630492,
                    -0.1850313062994816,
                    0.41656047837814353
                ],
                [
                    -0.14483310853429188,
                    0.27530511823411435,
                    -0.9503843762112223,
                    0.09054994789505501
                ],
                [
                    0.8821052512639783,
                    -0.3991959074812772,
                    -0.2500658976004384,
                    0.29516531570091015
                ],
                [
                    0.0,
                    0.0,
                    0.0,
                    1.0
                ]
            ],
            "position": [
                0.41656047837814353,
                0.09054994789505501,
                0.29516531570091015
            ],
            "quaternion": [
                -0.36280981078011565,
                0.7024232807668473,
                -0.48032742870076145,
                -0.3798032358361191
            ]
        },
        {
            "camera": "camera_depth",
            "file_path": "./train/d_10.jpg",
            "rotation": 0.1,
            "transform_matrix": [
                [
                    -0.46663660097176,
                    -0.863338186297461,
                    -0.1920871123061959,
                    0.42142313395350384
                ],
                [
                    -0.14408553986101574,
                    0.2884866252051544,
                    -0.9465805957659921,
                    0.08868251355385523
                ],
                [
                    0.8726337375075995,
                    -0.4140321764770843,
                    -0.25901296686684716,
                    0.303552987570457
                ],
                [
                    0.0,
                    0.0,
                    0.0,
                    1.0
                ]
            ],
            "position": [
                0.42142313395350384,
                0.08868251355385523,
                0.303552987570457
            ],
            "quaternion": [
                -0.3549249565728363,
                0.7095993297415948,
                -0.47935681537130426,
                -0.37511127797570687
            ]
        },
        {
            "camera": "camera_depth",
            "file_path": "./train/d_11.jpg",
            "rotation": 0.1,
            "transform_matrix": [
                [
                    -0.4444081649323744,
                    -0.8762522462528752,
                    -0.18623475475385937,
                    0.4143076039475534
                ],
                [
                    -0.13602659123571925,
                    0.2714882529090374,
                    -0.9527806122131102,
                    0.09063141650747282
                ],
                [
                    0.8854366998369958,
                    -0.3980906045979848,
                    -0.23984520239642237,
                    0.295341656766531
                ],
                [
                    0.0,
                    0.0,
                    0.0,
                    1.0
                ]
            ],
            "position": [
                0.4143076039475534,
                0.09063141650747282,
                0.295341656766531
            ],
            "quaternion": [
                -0.36192051266215575,
                0.6992371900090889,
                -0.482977599869394,
                -0.38315518203776583
            ]
        },
        {
            "camera": "camera_depth",
            "file_path": "./train/d_12.jpg",
            "rotation": 0.1,
            "transform_matrix": [
                [
                    -0.8491932312821366,
                    -0.5191905867896054,
                    0.09649865560549623,
                    0.3679133825942685
                ],
                [
                    -0.3453223645392574,
                    0.407702193713938,
                    -0.8452995834553917,
                    0.05987744455319847
                ],
                [
                    0.3995288731664073,
                    -0.751145828604478,
                    -0.5255060643574654,
                    0.36719139608613505
                ],
                [
                    0.0,
                    0.0,
                    0.0,
                    1.0
                ]
            ],
            "position": [
                0.3679133825942685,
                0.05987744455319847,
                0.36719139608613505
            ],
            "quaternion": [
                -0.2591375718766658,
                0.8340242501038201,
                -0.47853417011154264,
                -0.09083324276783517
            ]
        },
        {
            "camera": "camera_depth",
            "file_path": "./train/d_13.jpg",
            "rotation": 0.1,
            "transform_matrix": [
                [
                    -0.8701216140694992,
                    -0.48270319233918013,
                    0.09942839048608834,
                    0.37282988595737404
                ],
                [
                    -0.33788381366878006,
                    0.4374101878561123,
                    -0.8333707794375332,
                    0.05442364335615028
                ],
                [
                    0.3587797446759373,
                    -0.7587291714869312,
                    -0.5436976541654601,
                    0.38294599442603316
                ],
                [
                    0.0,
                    0.0,
                    0.0,
                    1.0
                ]
            ],
            "position": [
                0.37282988595737404,
                0.05442364335615028,
                0.38294599442603316
            ],
            "quaternion": [
                -0.2429838062871631,
                0.8442768174083978,
                -0.4714363050265985,
                -0.07679646246575877
            ]
        },
        {
            "camera": "camera_depth",
            "file_path": "./train/d_14.jpg",
            "rotation": 0.1,
            "transform_matrix": [
                [
                    -0.8813357760490587,
                    -0.4618524882817926,
                    0.09969718613842628,
                    0.36305617245694866
                ],
                [
                    -0.32814445522611735,
                    0.44649076833463874,
                    -0.8324465209827588,
                    0.04455983541030014
                ],
                [
                    0.3399536238376612,
                    -0.7663799794226495,
                    -0.5450626209710048,
                    0.38800039525037616
                ],
                [
                    0.0,
                    0.0,
                    0.0,
                    1.0
                ]
            ],
            "position": [
                0.36305617245694866,
                0.04455983541030014,
                0.38800039525037616
            ],
            "quaternion": [
                -0.2330422985028746,
                0.8474775756288243,
                -0.47164005585554886,
                -0.07087358113428169
            ]
        },
        {
            "camera": "camera_depth",
            "file_path": "./train/d_15.jpg",
            "rotation": 0.1,
            "transform_matrix": [
                [
                    -0.8681932025774319,
                    -0.4844986549102418,
                    0.10724558913311237,
                    0.355720131830143
                ],
                [
                    -0.34553443874292666,
                    0.435139495760184,
                    -0.8314202131727274,
                    0.04496037332539494
                ],
                [
                    0.35615518336948654,
                    -0.758890422010806,
                    -0.5451961231880763,
                    0.37420205991124617
                ],
                [
                    0.0,
                    0.0,
                    0.0,
                    1.0
                ]
            ],
            "position": [
                0.355720131830143,
                0.04496037332539494,
                0.37420205991124617
            ],
            "quaternion": [
                -0.24589736728586592,
                0.8438768805810544,
                -0.47112964693639875,
                -0.07373948627220969
            ]
        },
        {
            "camera": "camera_depth",
            "file_path": "./train/d_16.jpg",
            "rotation": 0.1,
            "transform_matrix": [
                [
                    -0.8638503980875132,
                    -0.4451190463306755,
                    0.2358633594217517,
                    0.3687618339153186
                ],
                [
                    -0.45577430935162017,
                    0.491198838941909,
                    -0.7422893502921716,
                    0.0513886703481875
                ],
                [
                    0.21455131940656555,
                    -0.748727410487816,
                    -0.6271961384807077,
                    0.38902012074288145
                ],
                [
                    0.0,
                    0.0,
                    0.0,
                    1.0
                ]
            ],
            "position": [
                0.3687618339153186,
                0.0513886703481875,
                0.38902012074288145
            ],
            "quaternion": [
                -0.2608377689201703,
                0.8634565070484121,
                -0.4316975842383539,
                0.006170524994590983
            ]
        },
        {
            "camera": "camera_depth",
            "file_path": "./train/d_17.jpg",
            "rotation": 0.1,
            "transform_matrix": [
                [
                    -0.7997582794341651,
                    -0.5060441750750749,
                    0.3229643747367359,
                    0.37034251117568523
                ],
                [
                    -0.5444498172834799,
                    0.3847714942320041,
                    -0.7453356919445467,
                    0.06766140694088774
                ],
                [
                    0.2529053003329296,
                    -0.7719262854049328,
                    -0.5832398468592942,
                    0.37075301715654013
                ],
                [
                    0.0,
                    0.0,
                    0.0,
                    1.0
                ]
            ],
            "position": [
                0.37034251117568523,
                0.06766140694088774,
                0.37075301715654013
            ],
            "quaternion": [
                -0.3157165757516374,
                0.8318284096987507,
                -0.45599951974159914,
                0.021055628334854207
            ]
        },
        {
            "camera": "camera_depth",
            "file_path": "./train/d_18.jpg",
            "rotation": 0.1,
            "transform_matrix": [
                [
                    -0.7770278413572546,
                    -0.544920950352435,
                    0.31510139895386857,
                    0.3714540883594915
                ],
                [
                    -0.5507050163622778,
                    0.3460403015029,
                    -0.7595920580740729,
                    0.07347782306216344
                ],
                [
                    0.3048798430679034,
                    -0.7637520982640778,
                    -0.5689736493793978,
                    0.3534346013296029
                ],
                [
                    0.0,
                    0.0,
                    0.0,
                    1.0
                ]
            ],
            "position": [
                0.3714540883594915,
                0.07347782306216344,
                0.3534346013296029
            ],
            "quaternion": [
                -0.33387984066223153,
                0.820369826889153,
                -0.4642222068878365,
                0.0031149055920603116
            ]
        },
        {
            "camera": "camera_depth",
            "file_path": "./train/d_19.jpg",
            "rotation": 0.1,
            "transform_matrix": [
                [
                    -0.7705904967224073,
                    -0.5540839670763696,
                    0.31493053803978305,
                    0.3716123415199042
                ],
                [
                    -0.5542289625538369,
                    0.3386080445099189,
                    -0.7603780962519021,
                    0.07596234548898283
                ],
                [
                    0.3146752984071239,
                    -0.7604837602619018,
                    -0.5680175234535523,
                    0.3494052693739092
                ],
                [
                    0.0,
                    0.0,
                    0.0,
                    1.0
                ]
            ],
            "position": [
                0.3716123415199042,
                0.07596234548898283,
                0.3494052693739092
            ],
            "quaternion": [
                -0.3386799355157585,
                0.8181077202195023,
                -0.4647472583977995,
                7.799651165211335e-05
            ]
        },
        {
            "camera": "camera_depth",
            "file_path": "./train/d_20.jpg",
            "rotation": 0.1,
            "transform_matrix": [
                [
                    -0.7709342751516801,
                    -0.5534066165761484,
                    0.3152799710195585,
                    0.38069370970025973
                ],
                [
                    -0.5597448908582554,
                    0.3525136946370419,
                    -0.7499464995927525,
                    0.07972945724540476
                ],
                [
                    0.3038848475235869,
                    -0.7546358140342151,
                    -0.5815314158517013,
                    0.3517487562333109
                ],
                [
                    0.0,
                    0.0,
                    0.0,
                    1.0
                ]
            ],
            "position": [
                0.38069370970025973,
                0.07972945724540476,
                0.3517487562333109
            ],
            "quaternion": [
                -0.3384083564546561,
                0.8223387580438984,
                -0.45740694281479033,
                0.003464222963464686
            ]
        },
        {
            "camera": "camera_depth",
            "file_path": "./train/d_21.jpg",
            "rotation": 0.1,
            "transform_matrix": [
                [
                    -0.7709835117317622,
                    -0.5538860276138545,
                    0.3143162309711425,
                    0.3711590683007182
                ],
                [
                    -0.5569387473230994,
                    0.34702781978599184,
                    -0.7545799652951024,
                    0.07457091670450414
                ],
                [
                    0.3088748231370386,
                    -0.7568235994660353,
                    -0.5760333175462489,
                    0.34830254911816894
                ],
                [
                    0.0,
                    0.0,
                    0.0,
                    1.0
                ]
            ],
            "position": [
                0.3711590683007182,
                0.07457091670450414,
                0.34830254911816894
            ],
            "quaternion": [
                -0.33838565394585773,
                0.820674944330983,
                -0.4604122046763184,
                0.0016575920792132673
            ]
        },
        {
            "camera": "camera_depth",
            "file_path": "./train/d_22.jpg",
            "rotation": 0.1,
            "transform_matrix": [
                [
                    -0.7599958835907455,
                    -0.560434250006274,
                    0.3291195958083135,
                    0.3645608963307051
                ],
                [
                    -0.5783244687074192,
                    0.3520808236045997,
                    -0.7359211252194002,
                    0.0726368125484812
                ],
                [
                    0.2965587055195038,
                    -0.7496349412012571,
                    -0.5916928165110547,
                    0.34168124589903287
                ],
                [
                    0.0,
                    0.0,
                    0.0,
                    1.0
                ]
            ],
            "position": [
                0.3645608963307051,
                0.0726368125484812,
                0.34168124589903287
            ],
            "quaternion": [
                -0.346270632851216,
                0.8221548328650246,
                -0.4517238206847712,
                0.009901026355469654
            ]
        },
        {
            "camera": "camera_depth",
            "file_path": "./train/d_23.jpg",
            "rotation": 0.1,
            "transform_matrix": [
                [
                    -0.7919023918516701,
                    -0.4909560445798319,
                    0.3631153591768469,
                    0.36138109050004896
                ],
                [
                    -0.5703325246755729,
                    0.3821690532782081,
                    -0.7270953348864406,
                    0.06369058039376477
                ],
                [
                    0.21820039660090298,
                    -0.7828850343485718,
                    -0.5826487877926502,
                    0.3719980523996263
                ],
                [
                    0.0,
                    0.0,
                    0.0,
                    1.0
                ]
            ],
            "position": [
                0.36138109050004896,
                0.06369058039376477,
                0.3719980523996263
            ],
            "quaternion": [
                -0.3195993736869033,
                0.830166351918962,
                -0.4547196627450826,
                0.04364009244877375
            ]
        },
        {
            "camera": "camera_depth",
            "file_path": "./train/d_24.jpg",
            "rotation": 0.1,
            "transform_matrix": [
                [
                    -0.8207772018186273,
                    -0.4257724593274704,
                    0.3808445849070482,
                    0.35745462168230846
                ],
                [
                    -0.5543143380787241,
                    0.4324952221712338,
                    -0.7111142646575169,
                    0.04847605390217248
                ],
                [
                    0.13805940596399144,
                    -0.7947739903125245,
                    -0.5909939972178881,
                    0.3957830724132072
                ],
                [
                    0.0,
                    0.0,
                    0.0,
                    1.0
                ]
            ],
            "position": [
                0.35745462168230846,
                0.04847605390217248,
                0.3957830724132072
            ],
            "quaternion": [
                -0.2905682659780691,
                0.8432452760073886,
                -0.4464536612077617,
                0.07197900087763529
            ]
        },
        {
            "camera": "camera_depth",
            "file_path": "./train/d_25.jpg",
            "rotation": 0.1,
            "transform_matrix": [
                [
                    -0.7734004529910724,
                    -0.49269330866136196,
                    0.3988797348995363,
                    0.35892880211159156
                ],
                [
                    -0.6035864742572566,
                    0.38003389778522656,
                    -0.7008977133846723,
                    0.06454991412906758
                ],
                [
                    0.19373979303926847,
                    -0.7828330218727926,
                    -0.5913014057641108,
                    0.367067958167166
                ],
                [
                    0.0,
                    0.0,
                    0.0,
                    1.0
                ]
            ],
            "position": [
                0.35892880211159156,
                0.06454991412906758,
                0.367067958167166
            ],
            "quaternion": [
                -0.3308566856665235,
                0.8283598672427319,
                -0.44778918770344645,
                0.06191113100801382
            ]
        },
        {
            "camera": "camera_depth",
            "file_path": "./train/d_26.jpg",
            "rotation": 0.1,
            "transform_matrix": [
                [
                    -0.7487205721693377,
                    -0.5241442622777533,
                    0.40582052330029916,
                    0.3600658460293001
                ],
                [
                    -0.6246784565924762,
                    0.3530518182921007,
                    -0.6965136319339938,
                    0.06848924073449146
                ],
                [
                    0.22179795012501946,
                    -0.7750014231741457,
                    -0.5917587881885555,
                    0.35281447621928724
                ],
                [
                    0.0,
                    0.0,
                    0.0,
                    1.0
                ]
            ],
            "position": [
                0.3600658460293001,
                0.06848924073449146,
                0.35281447621928724
            ],
            "quaternion": [
                -0.34999415517719235,
                0.820596732489864,
                -0.4483038680237569,
                0.05606332811328259
            ]
        },
        {
            "camera": "camera_depth",
            "file_path": "./train/d_27.jpg",
            "rotation": 0.1,
            "transform_matrix": [
                [
                    -0.7283664698296439,
                    -0.5444314879550752,
                    0.4160248076147936,
                    0.3680232262450073
                ],
                [
                    -0.6535019212963132,
                    0.369472696220359,
                    -0.6606248296951045,
                    0.07684951860469921
                ],
                [
                    0.2059551516469798,
                    -0.7530499861700293,
                    -0.6248985468373159,
                    0.34678104920370295
                ],
                [
                    0.0,
                    0.0,
                    0.0,
                    1.0
                ]
            ],
            "position": [
                0.3680232262450073,
                0.07684951860469921,
                0.34678104920370295
            ],
            "quaternion": [
                -0.36299325359908974,
                0.8250336900742602,
                -0.42836639914956454,
                0.06365451310841282
            ]
        },
        {
            "camera": "camera_depth",
            "file_path": "./train/d_28.jpg",
            "rotation": 0.1,
            "transform_matrix": [
                [
                    -0.722878021745782,
                    -0.5587303993180331,
                    0.4065313106696897,
                    0.36110467398950186
                ],
                [
                    -0.6536509075807585,
                    0.3622008862483361,
                    -0.6644930466301138,
                    0.07440411587737539
                ],
                [
                    0.2240264642754407,
                    -0.7460769791910424,
                    -0.6270416927329581,
                    0.3370050288124411
                ],
                [
                    0.0,
                    0.0,
                    0.0,
                    1.0
                ]
            ],
            "position": [
                0.36110467398950186,
                0.07440411587737539,
                0.3370050288124411
            ],
            "quaternion": [
                -0.36808957080552696,
                0.8234235402788134,
                -0.42826139964478527,
                0.05541006793566121
            ]
        },
        {
            "camera": "camera_depth",
            "file_path": "./train/d_29.jpg",
            "rotation": 0.1,
            "transform_matrix": [
                [
                    -0.7049896536896582,
                    -0.5730290662768058,
                    0.41788428708491554,
                    0.3725360046929142
                ],
                [
                    -0.6746422004307739,
                    0.36011354536598483,
                    -0.6443416297600708,
                    0.08639470894130177
                ],
                [
                    0.2187406902898027,
                    -0.7361765573867949,
                    -0.6404659138202968,
                    0.33493298118603004
                ],
                [
                    0.0,
                    0.0,
                    0.0,
                    1.0
                ]
            ],
            "position": [
                0.3725360046929142,
                0.08639470894130177,
                0.33493298118603004
            ],
            "quaternion": [
                -0.3792622675084604,
                0.8224283944263321,
                -0.41964455859886535,
                0.06053489736892907
            ]
        },
        {
            "camera": "camera_depth",
            "file_path": "./train/d_30.jpg",
            "rotation": 0.1,
            "transform_matrix": [
                [
                    -0.7001979556462568,
                    -0.5862717003561728,
                    0.40744118136276386,
                    0.3667066442293493
                ],
                [
                    -0.6731226927230782,
                    0.3518837866156274,
                    -0.6504487998745788,
                    0.08394086590063982
                ],
                [
                    0.23796777817602732,
                    -0.729700825049917,
                    -0.6410210936244107,
                    0.32617853313402867
                ],
                [
                    0.0,
