{
    "cameras": {
        "camera_touch": {
            "w": 570,
            "h": 570,
            "near": 9.999999747378752e-05,
            "far": 2.0,
            "camera_angle_x": [
                0.523598849773407
            ],
            "types": [
                "touch"
            ]
        }
    },
    "frames": [
        {
            "camera": "camera_touch",
            "file_path": "./train/tr_0.jpg",
            "rotation": 0.1,
            "transform_matrix": [
                [
                    0.9898865552413408,
                    -0.046068830770030045,
                    -0.13417254034978354,
                    0.3814718483013083
                ],
                [
                    -0.03428466879007637,
                    -0.9954546122900804,
                    0.08885199129091252,
                    0.008594739257097368
                ],
                [
                    -0.1376559814842302,
                    -0.08335333047867953,
                    -0.9869665916634287,
                    0.37332533403649815
                ],
                [
                    0.0,
                    0.0,
                    0.0,
                    1.0
                ]
            ],
            "position": [
                0.3814718483013083,
                0.008594739257097368,
                0.37332533403649815
            ],
            "quaternion": [
                -0.9965296481862187,
                0.02015821771659372,
                0.06819340233726894,
                0.04320101037529617
            ]
        },
        {
            "camera": "camera_touch",
            "file_path": "./train/tr_1.jpg",
            "rotation": 0.1,
            "transform_matrix": [
                [
                    0.9914480300695061,
                    -0.05057763000298284,
                    -0.12030256445553021,
                    0.37326734626971947
                ],
                [
                    -0.04068805905931095,
                    -0.9956945179113028,
                    0.08328810750260003,
                    0.0070036796031105256
                ],
                [
                    -0.12399711900395773,
                    -0.07768095226411688,
                    -0.9892372739308091,
                    0.3762297528729102
                ],
                [
                    0.0,
                    0.0,
                    0.0,
                    1.0
                ]
            ],
            "position": [
                0.37326734626971947,
                0.0070036796031105256,
                0.3762297528729102
            ],
            "quaternion": [
                -0.9970402948991692,
                0.022884023562190742,
                0.06125587578379867,
                0.04036149613652693
            ]
        },
        {
            "camera": "camera_touch",
            "file_path": "./train/tr_2.jpg",
            "rotation": 0.1,
            "transform_matrix": [
                [
                    0.9915581861408415,
                    -0.02411651582792164,
                    -0.12739998885952075,
                    0.37300429941468455
                ],
                [
                    -0.015268718543618437,
                    -0.9974319152165622,
                    0.06997457210627439,
                    0.018491011266108262
                ],
                [
                    -0.12876035776247352,
                    -0.0674386252213228,
                    -0.9893800089435492,
                    0.3739774653180256
                ],
                [
                    0.0,
                    0.0,
                    0.0,
                    1.0
                ]
            ],
            "position": [
                0.37300429941468455,
                0.018491011266108262,
                0.3739774653180256
            ],
            "quaternion": [
                -0.9972897868443689,
                0.009873011032710932,
                0.06421375849852819,
                0.03444646286619015
            ]
        },
        {
            "camera": "camera_touch",
            "file_path": "./train/tr_3.jpg",
            "rotation": 0.1,
            "transform_matrix": [
                [
                    0.9703508896607579,
                    -0.04838653012632037,
                    -0.23680771659071922,
                    0.3895802386506627
                ],
                [
                    -0.010825658225238056,
                    -0.9874740955454463,
                    0.15740938901696466,
                    -0.014691945376788036
                ],
                [
                    -0.24145797990243775,
                    -0.15017874126865782,
                    -0.9587201831673289,
                    0.36769360800942164
                ],
                [
                    0.0,
                    0.0,
                    0.0,
                    1.0
                ]
            ],
            "position": [
                0.3895802386506627,
                -0.014691945376788036,
                0.36769360800942164
            ],
            "quaternion": [
                -0.9895103691330714,
                0.014959887307327877,
                0.12083324602053817,
                0.07771176668601354
            ]
        },
        {
            "camera": "camera_touch",
            "file_path": "./train/tr_4.jpg",
            "rotation": 0.1,
            "transform_matrix": [
                [
                    0.9711452878062584,
                    0.03211944631961243,
                    -0.23631582921975636,
                    0.38755095512692145
                ],
                [
                    0.039400526174484266,
                    -0.9988812107197447,
                    0.026151967578558373,
                    -0.023100481640501935
                ],
                [
                    -0.23521145488447898,
                    -0.03470832809539698,
                    -0.9713243039541161,
                    0.3654244568113163
                ],
                [
                    0.0,
                    0.0,
                    0.0,
                    1.0
                ]
            ],
            "position": [
                0.38755095512692145,
                -0.023100481640501935,
                0.3654244568113163
            ],
            "quaternion": [
                -0.992638979779658,
                -0.01801248254424251,
                0.11875531656227448,
                0.01532781648587803
            ]
        },
        {
            "camera": "camera_touch",
            "file_path": "./train/tr_5.jpg",
            "rotation": 0.1,
            "transform_matrix": [
                [
                    0.9713689718080403,
                    0.0693539221060702,
                    -0.22722753815745073,
                    0.3914526950622877
                ],
                [
                    0.0733012351631452,
                    -0.9972695156297053,
                    0.008968953074387581,
                    -0.006968180388964941
                ],
                [
                    -0.22598506484311714,
                    -0.02536822193608427,
                    -0.9738003921665128,
                    0.3678739973147223
                ],
                [
                    0.0,
                    0.0,
                    0.0,
                    1.0
                ]
            ],
            "position": [
                0.3914526950622877,
                -0.006968180388964941,
                0.3678739973147223
            ],
            "quaternion": [
                -0.99277598778631,
                -0.035923097096935336,
                0.11412696641888291,
                0.008646709278149787
            ]
        },
        {
            "camera": "camera_touch",
            "file_path": "./train/tr_6.jpg",
            "rotation": 0.1,
            "transform_matrix": [
                [
                    0.970759000912917,
                    0.09056100589146078,
                    -0.22231883941421166,
                    0.3900506343401271
                ],
                [
                    0.09178311201792265,
                    -0.9957672073534439,
                    -0.004850681171704476,
                    0.002197087546207753
                ],
                [
                    -0.22181709243171654,
                    -0.01569627253365821,
                    -0.9749619503004664,
                    0.36902586582685104
                ],
                [
                    0.0,
                    0.0,
                    0.0,
                    1.0
                ]
            ],
            "position": [
                0.3900506343401271,
                0.002197087546207753,
                0.36902586582685104
            ],
            "quaternion": [
                -0.9926562763646006,
                -0.04592301836744116,
                0.1118547874735233,
                0.0027314415020959232
            ]
        },
        {
            "camera": "camera_touch",
            "file_path": "./train/tr_7.jpg",
            "rotation": 0.1,
            "transform_matrix": [
                [
                    0.9686626862751767,
                    0.114579739137776,
                    -0.2203726017391406,
                    0.3891158829464518
                ],
                [
                    0.11298516679900458,
                    -0.99339797763585,
                    -0.01986982919918713,
                    0.012038170590421234
                ],
                [
                    -0.22119437674036788,
                    -0.00565167303751386,
                    -0.9752133644953385,
                    0.3679789053585026
                ],
                [
                    0.0,
                    0.0,
                    0.0,
                    1.0
                ]
            ],
            "position": [
                0.3891158829464518,
                0.012038170590421234,
                0.3679789053585026
            ],
            "quaternion": [
                -0.9921254741245786,
                -0.05734245027594041,
                0.11126729933477846,
                -0.003582731306306094
            ]
        },
        {
            "camera": "camera_touch",
            "file_path": "./train/tr_8.jpg",
            "rotation": 0.1,
            "transform_matrix": [
                [
                    0.9652628724693367,
                    0.14256545042713004,
                    -0.21895816809782276,
                    0.38619043835725825
                ],
                [
                    0.1371921961721555,
                    -0.989751275190664,
                    -0.03963224152019239,
                    0.023282318365007486
                ],
                [
                    -0.2223643144519949,
                    0.008216179341007112,
                    -0.9749290261630998,
                    0.36678182106168694
                ],
                [
                    0.0,
                    0.0,
                    0.0,
                    1.0
                ]
            ],
            "position": [
                0.38619043835725825,
                0.023282318365007486,
                0.36678182106168694
            ],
            "quaternion": [
                -0.9912014190344988,
                -0.0705598437509228,
                0.11130936291113344,
                -0.012068220978890853
            ]
        },
        {
            "camera": "camera_touch",
            "file_path": "./train/tr_9.jpg",
            "rotation": 0.1,
            "transform_matrix": [
                [
                    0.9660393010854389,
                    0.15963078329394756,
                    -0.20318976790999474,
                    0.37168777315665874
                ],
                [
                    0.14871249100539272,
                    -0.9865387129156115,
                    -0.06801443183457616,
                    0.02997636507381242
                ],
                [
                    -0.21131176914059416,
                    0.03548775766049425,
                    -0.9767742601435107,
                    0.3688011978496414
                ],
                [
                    0.0,
                    0.0,
                    0.0,
                    1.0
                ]
            ],
            "position": [
                0.37168777315665874,
                0.02997636507381242,
                0.3688011978496414
            ],
            "quaternion": [
                -0.9911268985399442,
                -0.077775493725232,
                0.10455250488998934,
                -0.026107051979368714
            ]
        },
        {
            "camera": "camera_touch",
            "file_path": "./train/tr_10.jpg",
            "rotation": 0.1,
            "transform_matrix": [
                [
                    0.9671483188842368,
                    0.17305541827397591,
                    -0.18621479931899582,
                    0.35604665486197545
                ],
                [
                    0.15679294429882124,
                    -0.9826685507853566,
                    -0.09888625746540448,
                    0.0341478194120205
                ],
                [
                    -0.20010022962880725,
                    0.06644051101118027,
                    -0.9775201054705076,
                    0.3671627620782881
                ],
                [
                    0.0,
                    0.0,
                    0.0,
                    1.0
                ]
            ],
            "position": [
                0.35604665486197545,
                0.0341478194120205,
                0.3671627620782881
            ],
            "quaternion": [
                -0.9908726997447372,
                -0.08322121060600589,
                0.09746783077401211,
                -0.04171217862318085
            ]
        },
        {
            "camera": "camera_touch",
            "file_path": "./train/tr_11.jpg",
            "rotation": 0.1,
            "transform_matrix": [
                [
                    0.9834120590539318,
                    0.1787401703593281,
                    -0.03086541117860785,
                    0.34757940385322894
                ],
                [
                    0.17247526643444655,
                    -0.9741434838188706,
                    -0.145934078958961,
                    0.034474241014533925
                ],
                [
                    -0.05615162130938729,
                    0.13818981305853173,
                    -0.9888127077415496,
                    0.3660490085100744
                ],
                [
                    0.0,
                    0.0,
                    0.0,
                    1.0
                ]
            ],
            "position": [
                0.34757940385322894,
                0.034474241014533925,
                0.3660490085100744
            ],
            "quaternion": [
                -0.9932706072053346,
                -0.08839823047677613,
                0.021901519373693015,
                -0.07151180346685194
            ]
        },
        {
            "camera": "camera_touch",
            "file_path": "./train/tr_12.jpg",
            "rotation": 0.1,
            "transform_matrix": [
                [
                    0.9813413304342997,
                    0.17818220391168102,
                    0.07225161168177982,
                    0.33675519210645743
                ],
                [
                    0.18874489852117385,
                    -0.9643923946787372,
                    -0.18526379130321996,
                    0.03354731418927491
                ],
                [
                    0.0366681941697484,
                    0.1954441385536731,
                    -0.9800290976503416,
                    0.36261635595255604
                ],
                [
                    0.0,
                    0.0,
                    0.0,
                    1.0
                ]
            ],
            "position": [
                0.33675519210645743,
                0.03354731418927491,
                0.36261635595255604
            ],
            "quaternion": [
                -0.9906740994012379,
                -0.09259478811119308,
                -0.02748613083379444,
                -0.09607240747172871
            ]
        },
        {
            "camera": "camera_touch",
            "file_path": "./train/tr_13.jpg",
            "rotation": 0.1,
            "transform_matrix": [
                [
                    0.9776663672970126,
                    0.17676450600365365,
                    0.11367842219852908,
                    0.33150494886550497
                ],
                [
                    0.19700468319482775,
                    -0.9592019760400317,
                    -0.20278245476422327,
                    0.032418894547552285
                ],
                [
                    0.07319582676333594,
                    0.22064876745221804,
                    -0.972602946924514,
                    0.35922952385824325
                ],
                [
                    0.0,
                    0.0,
                    0.0,
                    1.0
                ]
            ],
            "position": [
                0.33150494886550497,
                0.032418894547552285,
                0.35922952385824325
            ],
            "quaternion": [
                -0.9886163619253395,
                -0.09451772595072945,
                -0.04725624679900102,
                -0.10707612445600324
            ]
        },
        {
            "camera": "camera_touch",
            "file_path": "./train/tr_14.jpg",
            "rotation": 0.1,
            "transform_matrix": [
                [
                    0.9690571407471464,
                    0.22788199939795223,
                    -0.09485806406076867,
                    0.36028401120155396
                ],
                [
                    0.1863708370438948,
                    -0.9274647049761024,
                    -0.3241529455722251,
                    0.04752798249440178
                ],
                [
                    -0.16184612774645923,
                    0.296443949801617,
                    -0.9412368541230702,
                    0.3585072585591193
                ],
                [
                    0.0,
                    0.0,
                    0.0,
                    1.0
                ]
            ],
            "position": [
                0.36028401120155396,
                0.04752798249440178,
                0.3585072585591193
            ],
            "quaternion": [
                -0.9795071539104458,
                -0.1057293197820727,
                0.06551834338204952,
                -0.158394298927036
            ]
        },
        {
            "camera": "camera_touch",
            "file_path": "./train/tr_15.jpg",
            "rotation": 0.1,
            "transform_matrix": [
                [
                    0.9552424227157371,
                    0.2104171853186814,
                    -0.2079339365441162,
                    0.3849684174647006
                ],
                [
                    0.1521702858642012,
                    -0.9522803511703238,
                    -0.26458710640341565,
                    0.040977062220730345
                ],
                [
                    -0.25368507631348,
                    0.22110346197535846,
                    -0.9416778329972175,
                    0.3590360567426517
                ],
                [
                    0.0,
                    0.0,
                    0.0,
                    1.0
                ]
            ],
            "position": [
                0.3849684174647006,
                0.040977062220730345,
                0.3590360567426517
            ],
            "quaternion": [
                -0.9809662202086252,
                -0.09240517640603757,
                0.11764329908126411,
                -0.12377791903116377
            ]
        },
        {
            "camera": "camera_touch",
            "file_path": "./train/tr_16.jpg",
            "rotation": 0.1,
            "transform_matrix": [
                [
                    0.8671275017393946,
                    0.35336241092331194,
                    -0.35103404717158226,
                    0.4015530033630464
                ],
                [
                    0.2596351153430803,
                    -0.9221126907391419,
                    -0.28687591822703695,
                    0.03188719824307065
                ],
                [
                    -0.4250641158789832,
                    0.15761723295466334,
                    -0.8913345641608063,
                    0.3476287030606009
                ],
                [
                    0.0,
                    0.0,
                    0.0,
                    1.0
                ]
            ],
            "position": [
                0.4015530033630464,
                0.03188719824307065,
                0.3476287030606009
            ],
            "quaternion": [
                -0.9592385002463967,
                -0.1597605989906386,
                0.20226820189582614,
                -0.11584466337497878
            ]
        },
        {
            "camera": "camera_touch",
            "file_path": "./train/tr_17.jpg",
            "rotation": 0.1,
            "transform_matrix": [
                [
                    0.8689070839657265,
                    0.3436312731923013,
                    -0.35625556489466365,
                    0.39721187557834753
                ],
                [
                    0.2515124855741168,
                    -0.9264208373078707,
                    -0.28015335407971503,
                    0.017220087117432156
                ],
                [
                    -0.42631203247680866,
                    0.15382451133035496,
                    -0.8914011839118628,
                    0.362181605896819
                ],
                [
                    0.0,
                    0.0,
                    0.0,
                    1.0
                ]
            ],
            "position": [
                0.39721187557834753,
                0.017220087117432156,
                0.362181605896819
            ],
            "quaternion": [
                -0.9600401443768906,
                -0.15497799913953134,
                0.20378397428454154,
                -0.1130097060775773
            ]
        },
        {
            "camera": "camera_touch",
            "file_path": "./train/tr_18.jpg",
            "rotation": 0.1,
            "transform_matrix": [
                [
                    0.8831013622028604,
                    0.38969403938752034,
                    -0.2612863175546898,
                    0.36504401393529917
                ],
                [
                    0.2597265190029242,
                    -0.869823235796398,
                    -0.4194635547879078,
                    0.03872617973523439
                ],
                [
                    -0.3907353572458936,
                    0.3025658509060833,
                    -0.869355960733808,
                    0.36509865361557137
                ],
                [
                    0.0,
                    0.0,
                    0.0,
                    1.0
                ]
            ],
            "position": [
                0.36504401393529917,
                0.03872617973523439,
                0.36509865361557137
            ],
            "quaternion": [
                -0.9516118079660678,
                -0.17060971994847784,
                0.17129306102315378,
                -0.18968483998308583
            ]
        },
        {
            "camera": "camera_touch",
            "file_path": "./train/tr_19.jpg",
            "rotation": 0.1,
            "transform_matrix": [
                [
                    0.8785281177315154,
                    0.42697776404398224,
                    -0.21419228596548953,
                    0.36309502415488837
                ],
                [
                    0.2901769008533458,
                    -0.8331935338563495,
                    -0.47072911674456236,
                    0.05043329237256222
                ],
                [
                    -0.37945449340634785,
                    0.3513951111668598,
                    -0.8558830313084623,
                    0.354890154078385
                ],
                [
                    0.0,
                    0.0,
                    0.0,
                    1.0
                ]
            ],
            "position": [
                0.36309502415488837,
                0.05043329237256222,
                0.354890154078385
            ],
            "quaternion": [
                -0.9444025313298784,
                -0.18984241279059583,
                0.15714788239919045,
                -0.21762955005341078
            ]
        },
        {
            "camera": "camera_touch",
            "file_path": "./train/tr_20.jpg",
            "rotation": 0.1,
            "transform_matrix": [
                [
                    0.8690495611106837,
                    0.4251612834054763,
                    -0.2529639172418398,
                    0.37825192845439226
                ],
                [
                    0.25759894988676735,
                    -0.8254179387846994,
                    -0.5023226128193448,
                    0.05148099887381484
                ],
                [
                    -0.4223690819065274,
                    0.37138000676588234,
                    -0.826850197571489,
                    0.3501320513910512
                ],
                [
                    0.0,
                    0.0,
                    0.0,
                    1.0
                ]
            ],
            "position": [
                0.37825192845439226,
                0.05148099887381484,
                0.3501320513910512
            ],
            "quaternion": [
                -0.9382560738302939,
                -0.18192165288496032,
                0.17994266429433559,
                -0.232798304491806
            ]
        },
        {
            "camera": "camera_touch",
            "file_path": "./train/tr_21.jpg",
            "rotation": 0.1,
            "transform_matrix": [
                [
                    0.8689961101969114,
                    0.3972508300740777,
                    -0.2950212508754136,
                    0.39685261809445105
                ],
                [
                    0.20279222323755275,
                    -0.8297673518551091,
                    -0.5199629371308397,
                    0.04109324285804358
                ],
                [
                    -0.4513547104628554,
                    0.39201775444591197,
                    -0.8016239801441671,
                    0.3477907028972167
                ],
                [
                    0.0,
                    0.0,
                    0.0,
                    1.0
                ]
            ],
            "position": [
                0.39685261809445105,
                0.04109324285804358,
                0.3477907028972167
            ],
            "quaternion": [
                -0.9354634817933012,
                -0.16035892401802326,
                0.19946576401904106,
                -0.24372291557970782
            ]
        },
        {
            "camera": "camera_touch",
            "file_path": "./train/tr_22.jpg",
            "rotation": 0.1,
            "transform_matrix": [
                [
                    0.8680819881258973,
                    0.39062363245037196,
                    -0.30634431553836017,
                    0.4035321481008427
                ],
                [
                    0.20071515700555415,
                    -0.8405993669842687,
                    -0.5030965414052094,
                    0.03554968013852136
                ],
                [
                    -0.45403423619769623,
                    0.37524109849125603,
                    -0.808113253426431,
                    0.342832860758794
                ],
                [
                    0.0,
                    0.0,
                    0.0,
                    1.0
                ]
            ],
            "position": [
                0.4035321481008427,
                0.03554968013852136,
                0.342832860758794
            ],
            "quaternion": [
                -0.9376532910534863,
                -0.157663674959869,
                0.20273332134641706,
                -0.23418375833093588
            ]
        },
        {
            "camera": "camera_touch",
            "file_path": "./train/tr_23.jpg",
            "rotation": 0.1,
            "transform_matrix": [
                [
                    0.8769922172578158,
                    0.3658423928397898,
                    -0.31151885090709514,
                    0.4063295655609138
                ],
                [
                    0.18068335223135756,
                    -0.8518153949820167,
                    -0.491695087526884,
                    0.02500839048695702
                ],
                [
                    -0.44523946039817636,
                    0.37492649475982337,
                    -0.8131371018662554,
                    0.345061521852685
                ],
                [
                    0.0,
                    0.0,
                    0.0,
                    1.0
                ]
            ],
            "position": [
                0.4063295655609138,
                0.02500839048695702,
                0.345061521852685
            ],
            "quaternion": [
                -0.9410000983845126,
                -0.14519729171193807,
                0.20105046884428276,
                -0.2302382052848463
            ]
        },
        {
            "camera": "camera_touch",
            "file_path": "./train/tr_24.jpg",
            "rotation": 0.1,
            "transform_matrix": [
                [
                    0.8719302070539321,
                    0.356301810584913,
                    -0.33583736212756327,
                    0.4117849198689758
                ],
                [
                    0.18822546474714624,
                    -0.877110088209827,
                    -0.44186996682425694,
                    0.018248417157927826
                ],
                [
                    -0.45200540754244084,
                    0.3220666280980722,
                    -0.831843854709482,
                    0.3400906337497289
                ],
                [
                    0.0,
                    0.0,
                    0.0,
                    1.0
                ]
            ],
            "position": [
                0.4117849198689758,
                0.018248417157927826,
                0.3400906337497289
            ],
            "quaternion": [
                -0.9461585433902546,
                -0.14387763247473262,
                0.2081676301583466,
                -0.2018510249485796
            ]
        },
        {
            "camera": "camera_touch",
            "file_path": "./train/tr_25.jpg",
            "rotation": 0.1,
            "transform_matrix": [
                [
                    0.8659259205520022,
                    0.3563710789212774,
                    -0.35095862181267473,
                    0.4073486720235426
                ],
                [
                    0.17268700775891155,
                    -0.8715404719056608,
                    -0.45890783735051954,
                    0.02264730819113786
                ],
                [
                    -0.4694161239960138,
                    0.33677419725825486,
                    -0.816230140703966,
                    0.3453486469046261
                ],
                [
                    0.0,
                    0.0,
                    0.0,
                    1.0
                ]
            ],
            "position": [
                0.4073486720235426,
                0.02264730819113786,
                0.3453486469046261
            ],
            "quaternion": [
                -0.9425598778624387,
                -0.14032400372683534,
                0.21759098251502207,
                -0.21104164476614654
            ]
        },
        {
            "camera": "camera_touch",
            "file_path": "./train/tr_26.jpg",
            "rotation": 0.1,
            "transform_matrix": [
                [
                    0.8031878612660384,
                    0.362681498738176,
                    -0.47260066651235033,
                    0.4138082875202848
                ],
                [
                    0.3338469599985254,
                    -0.9310717729833728,
                    -0.14714469359559948,
                    0.011022076768808842
                ],
                [
                    -0.4933917984873991,
                    -0.039591464062728954,
                    -0.8689056618291428,
                    0.33851943769706616
                ],
                [
                    0.0,
                    0.0,
                    0.0,
                    1.0
                ]
            ],
            "position": [
                0.4138082875202848,
                0.011022076768808842,
                0.33851943769706616
            ],
            "quaternion": [
                -0.9490975947420562,
                -0.18347020759104876,
                0.2544488109019088,
                -0.028330232744937678
            ]
        },
        {
            "camera": "camera_touch",
            "file_path": "./train/tr_27.jpg",
            "rotation": 0.1,
            "transform_matrix": [
                [
                    0.8147452565500433,
                    0.3328263841060975,
                    -0.4747807546352997,
                    0.41575298631389934
                ],
                [
                    0.31925515746684446,
                    -0.941047613685768,
                    -0.11182814139179031,
                    -0.002883255102155813
                ],
                [
                    -0.4840106521142118,
                    -0.0604647568355511,
                    -0.8729706191051296,
                    0.33731828090428456
                ],
                [
                    0.0,
                    0.0,
                    0.0,
                    1.0
                ]
            ],
            "position": [
                0.41575298631389934,
                -0.002883255102155813,
                0.33731828090428456
            ],
            "quaternion": [
                -0.9524629948574923,
                -0.17115569526705537,
                0.2516596458817784,
                -0.013481651042884
            ]
        },
        {
            "camera": "camera_touch",
            "file_path": "./train/tr_28.jpg",
            "rotation": 0.1,
            "transform_matrix": [
                [
                    0.8403199382081356,
                    0.23157605867572514,
                    -0.4901376648433503,
                    0.4162096265704751
                ],
                [
                    0.2844338680754183,
                    -0.9580567380469752,
                    0.03499516215771388,
                    -0.019109762415539577
                ],
                [
                    -0.46147565064858065,
                    -0.1688188844028009,
                    -0.8709422530383186,
                    0.33342254694086987
                ],
                [
                    0.0,
                    0.0,
                    0.0,
                    1.0
                ]
            ],
            "position": [
                0.4162096265704751,
                -0.019109762415539577,
                0.33342254694086987
            ],
            "quaternion": [
                -0.9577706194004545,
                -0.13468961316382316,
                0.24839140237502683,
                0.053199819742670004
            ]
        },
        {
            "camera": "camera_touch",
            "file_path": "./train/tr_29.jpg",
            "rotation": 0.1,
            "transform_matrix": [
                [
                    0.828044049957137,
                    0.2925556899202634,
                    -0.4782825729899232,
                    0.41991975180004726
                ],
                [
                    0.3276294736299947,
                    -0.9447461351677269,
                    -0.01066152402692333,
                    0.005405481327469208
                ],
                [
                    -0.45497470186760397,
                    -0.14787125610111912,
                    -0.8781412826416731,
                    0.33254455488183127
                ],
                [
                    0.0,
                    0.0,
                    0.0,
                    1.0
                ]
            ],
            "position": [
                0.41991975180004726,
                0.005405481327469208,
                0.33254455488183127
            ],
            "quaternion": [
                -0.9553678453492691,
                -0.1622887114287741,
                0.24421274398300513,
                0.03590474574776581
            ]
        },
        {
            "camera": "camera_touch",
            "file_path": "./train/tr_30.jpg",
            "rotation": 0.1,
            "transform_matrix": [
                [
                    0.8236409138372793,
                    0.25338533553605547,
                    -0.5073573856647521,
                    0.4247890405896855
                ],
                [
                    0.33156984931711875,
                    -0.9409524874649362,
                    0.06833631068014358,
                    -0.011279656325606902
                ],
                [
                    -0.46008377506397086,
                    -0.2245089932916508,
                    -0.8590219041759388,
                    0.32603590740107036
                ],
                [
                    0.0,
                    0.0,
                    0.0,
                    1.0
                ]
            ],
            "position": [
                0.4247890405896855,
                -0.011279656325606902,
                0.32603590740107036
            ],
            "quaternion": [
                -0.9517871179339525,
                -0.15364567222967362,
                0.2541103170495536,
                0.0769194200737672
            ]
        },
        {
            "camera": "camera_touch",
            "file_path": "./train/tr_31.jpg",
            "rotation": 0.1,
            "transform_matrix": [
                [
                    0.8362236867285286,
                    0.21687770545023893,
                    -0.5036804608407867,
                    0.42131448781241476
                ],
                [
                    0.29829315036738907,
                    -0.9505992981994309,
                    0.08591955951149177,
                    -0.026765493377145094
                ],
                [
                    -0.46016425567186986,
                    -0.2220924022594874,
